"cW" "cG" "cQ" "SS" "KGE"
"1" 976.460119412281 3780590.44140391 94.7140948171727 0.00173614847669193 0.546990274730766
"2" 298.717386146542 16790839.4686412 13.9189106256235 0.00125828246165524 0.397429141771177
"3" 1664.4343506163 3174165.01555126 11.5165128780063 0.00353196512059083 0.453841229759522
"4" 1096.57237878465 269974.964298308 78.6825744442176 0.00189422020305117 0.349899122835476
"5" 1240.27104435256 2611662.87055239 25.0161536966916 0.00173826748742131 0.708038741089575
"6" 1363.10609975783 4769676.52966268 87.10848312499 0.00214897127170547 0.470181949706463
"7" 984.718032209203 5011779.55842577 88.0170223552268 0.00188914756878508 0.524459595346637
"8" 457.698758588638 785276.294336654 89.1418210449629 0.00175860982555075 0.370895339301282
"9" 759.852113568224 9822688.33918497 50.3825154711958 0.00183472866343878 0.584337063852708
"10" 135.60100301262 6860735.60307268 53.5905189104378 0.00342491262067742 -0.120404028656894
"11" 1551.04062455357 11174317.68612 72.7324517210945 0.0034325004863714 0.193973171568198
"12" 1021.67522289208 8456209.0034131 42.1396713778377 0.0025004084976032 0.458744586793287
"13" 204.791369785788 13101776.0245828 21.0769963366911 0.00247825342436449 0.0999577338957521
"14" 723.787125499919 19235141.7162688 77.3405079625081 0.00199496328333698 0.4977895480646
"15" 812.836769728223 315210.181754082 70.6032955469564 0.00179438737690153 0.365858198060486
"16" 1548.59123329725 7740998.94284736 74.1614490014035 0.00290963360018934 0.308079289379956
"17" 334.452528325608 12907217.4833855 40.7489309853408 0.0014530108495809 0.404887014439928
"18" 1037.36786844605 1060782.65178949 27.3103460406419 0.00103024107456654 0.649721757189587
"19" 950.642210430698 18695954.9594671 22.2041702147108 0.00351125526355012 0.308985386812292
"20" 205.27409402933 10440159.4472351 54.907441344345 0.00270688912970642 0.0652635399987624
"21" 1524.16027179454 1945494.52564679 18.8741592376027 0.00171410522824317 0.741446932306847
"22" 315.386588103138 8879430.86819723 70.7340008600149 0.00181287605113997 0.316569910305551
"23" 1620.97112077824 7587877.32652854 9.90903205983341 0.00649494427509286 0.0221389919736602
"24" 264.913883765461 4175917.94640757 75.399999280693 0.00218084203147581 0.22330728063586
"25" 928.752871814417 13855463.6744782 58.5484015878756 0.00251112906778298 0.40796143028683
"26" 1374.33431645948 6544417.77856555 36.0726746805012 0.00297372705567652 0.390398707017681
"27" 1923.35906752455 7279862.66997177 29.951487874845 0.00406028204789142 0.218135930573454
"28" 1123.09028192563 4790941.01148658 95.849816275062 0.00199456223364784 0.494741231805645
"29" 927.690374047263 7786804.16180287 71.9552180781029 0.00208913054773082 0.493877142481067
"30" 1704.60894722212 8753083.00377801 77.4200072044041 0.0031931140520443 0.240912867132779
"31" 855.07941995468 8457145.97853366 79.2037106091157 0.00200450072178561 0.502532731486486
"32" 1569.68797005783 6521096.89987265 68.892570980126 0.00271731126352581 0.362369140130693
"33" 1798.99539659591 246245.050616562 79.9794501590077 0.00192668758372834 0.344891426255079
"34" 736.973989882041 11207165.8399655 40.1761417821981 0.00183638979754441 0.605522494316121
"35" 424.613362980774 9278994.6729783 40.4740926991217 0.00120149068680592 0.561571219978191
"36" 60.5163697451353 17956694.0159304 45.0733596328646 0.00394228532708981 -0.312188535140262
"37" 1034.02087653591 19222746.9566977 6.02692919154651 0.00664711463530264 0.00102547012667287
"38" 1085.03965318808 3184108.58148709 70.2205139612779 0.00163594810438337 0.598537174931653
"39" 1188.37314502173 1612925.95940176 84.6516642826609 0.00145649970379718 0.558181105152158
"40" 484.906133017037 14719173.7160785 75.4251954220235 0.0014706642163656 0.548613407727887
"41" 1488.33065229305 1738719.60344259 53.7680865472648 0.00135966800235996 0.647145545464927
"42" 1226.21263167448 9593612.05617897 9.45567911793478 0.00577794669204895 0.0968403203873728
"43" 1256.30807810789 7114404.28947099 21.7023641371634 0.00353647610218822 0.344938818359061
"44" 635.542717648204 13415468.5071204 72.8512319265865 0.00166148290531441 0.575639892389915
"45" 898.840026461985 19829717.7069355 39.3941349198576 0.00278450431722593 0.384779046363113
"46" 938.385722174309 18842367.9404892 22.0300795673393 0.00345682207651112 0.319197996263191
"47" 533.362972692354 6641373.48057702 38.891585103469 0.00118525617196016 0.668715758606661
"48" 1455.20661681471 9519238.94882202 45.7579094846733 0.00345154946980966 0.255107393713451
"49" 166.517834793776 18521569.3431906 93.1103486670181 0.00330780709794958 -0.0990908893445273
"50" 1230.35407132958 5928690.47052227 7.91975357825868 0.00513408275028616 0.221226145674506
"51" 1088.01511776354 3483155.553299 72.6140503922943 0.00170060006720608 0.584313737024943
"52" 1669.84859933355 10541890.7547137 59.490321267629 0.00363169350793937 0.183252321573889
"53" 688.957289608195 1024846.36045992 12.1107775229029 0.000912415930368462 0.66132426305693
"54" 856.513380361954 17208884.2638303 86.6664045595098 0.00236880109910997 0.399044247573688
"55" 518.421254064655 18285061.2918381 91.5445045693778 0.00158834316642206 0.53658308361967
"56" 1137.85178712034 14028713.8191517 33.4660199836362 0.00357849141120029 0.258627278624122
"57" 1608.96280130208 15066829.27988 80.8631799616851 0.00382693254358074 0.0978745662746343
"58" 137.816060349578 1285256.53709657 48.3886866429821 0.00290105381796731 0.0979734669825313
"59" 850.98439934128 9956281.58235922 2.98811292345636 0.00517217840599421 0.245230364328066
"60" 549.112719336525 6547326.47645287 96.7169696174096 0.00155757097533964 0.530059731735631
"61" 69.8263053763658 1157540.59865139 46.1625221080612 0.00288945843681334 0.104732001708521
"62" 787.247938582441 17544211.0744771 51.5233321371488 0.00217373449073968 0.49518099336912
"63" 1838.89822347532 11638755.6605507 4.19993371376768 0.0118664899617073 -0.435282108873978
"64" 898.91784284194 12518950.9228105 89.8192830190528 0.00232557322722232 0.410217907313331
"65" 1789.81260484876 901452.174293809 97.8294160556979 0.00154957023827464 0.474558632045724
"66" 1608.51674118522 2899667.07916465 11.0119694469031 0.00331561538153076 0.495557564437729
"67" 1771.59923693864 13400919.0823883 70.1082181092352 0.00395695910704657 0.0946267295446942
"68" 854.396313401405 3556127.63902172 27.6051670815796 0.0015196429184077 0.727795363396773
"69" 843.08658807585 16623458.3026031 40.6275822001044 0.00243342004043375 0.460929985246733
"70" 110.674374631839 8717764.55307845 97.6927626298275 0.00358644886780507 -0.18261683006045
"71" 806.623170908075 157476.02074407 52.9385775788687 0.00196796647811419 0.344675738641318
"72" 1635.89859450259 5485345.479846 58.119576768484 0.00258973427863786 0.415266189292311
"73" 1149.52020000573 19412397.0177956 80.2061827688012 0.0032599430266278 0.205622648337904
"74" 1656.17877566651 8155236.03979964 60.983058298938 0.00319283322262142 0.272492207670898
"75" 1943.0787378524 11116197.8595657 34.8774129475933 0.00473398771936799 0.0708925205129625
"76" 942.580280713737 7634633.11016094 71.9592380158138 0.00210286122023898 0.491053590669435
"77" 1420.18093560985 4595593.02038979 10.1814584617969 0.00445165142733796 0.307336818303673
"78" 788.675658524968 14924191.8371525 53.0805326737463 0.00210848959396365 0.509814158144893
"79" 1002.21904650726 15125167.4799016 75.6731776504312 0.00271575843914797 0.333195316085958
"80" 292.037510393653 17874934.0325594 74.7102536987513 0.00199086048500056 0.258476925826675
"81" 285.716210032348 9084605.01201916 94.8688330645673 0.00213389847291664 0.232515216063733
"82" 1508.06860604696 1100352.17332188 27.8286536883097 0.00109921817470281 0.683120102733251
"83" 1373.62358067674 11775718.9839613 57.2435205269139 0.00341935865171975 0.225121252706706
"84" 843.260960847139 7119577.04543602 62.1003840798512 0.00186852639323537 0.559850933797237
"85" 218.042521938914 10042008.3678793 64.1617234928999 0.00260307473936808 0.0945021995804661
"86" 53.5912830098532 11602942.7362606 47.382910877699 0.00378803950612705 -0.256915099687725
"87" 1218.55349305249 15713260.2745667 18.1810657936148 0.00502164348296903 0.10109737008675
"88" 1634.95945110102 18790492.3274182 6.71043233224191 0.0104196851842246 -0.383998956767591
"89" 1305.39677787083 13472645.4788586 73.6059665360954 0.00329640235089967 0.215013963723398
"90" 755.811104530934 14306005.4263799 71.5728156687692 0.00198920225608618 0.509026631605872
"91" 702.878542381804 172489.719022997 72.1173914549872 0.0020828125600304 0.322810427334824
"92" 1570.0253973112 8279794.4288468 59.7622263885569 0.00314961602557589 0.283101424528428
"93" 941.390193647472 9027800.33759773 61.9936927768867 0.00223411061145042 0.473293129982954
"94" 1427.52819434647 8506586.5265904 18.8793971496634 0.0045693625782266 0.190095924183195
"95" 583.587651136331 2342635.99317055 43.8275877153501 0.00114357021948432 0.604254000084777
"96" 114.203774935566 1548766.60134178 68.6238244327251 0.00297814255112916 0.0661767443558842
"97" 1436.5693324774 11764122.3525163 44.1797280260362 0.00377780481185256 0.193100855389199
"98" 1875.37130712671 13301570.4137972 20.7315867403522 0.00624122130824355 -0.0713728677425742
"99" 1612.68565834011 3691002.63265427 21.3047576784156 0.00279047548065496 0.512351184074373
"100" 1440.97520484473 17348549.3467189 51.652916171588 0.00412995311253481 0.0982428423086374
"101" 1973.67060748511 3986250.45935623 57.1921871262603 0.00226031156049162 0.497526213662607
"102" 621.119759527734 8089066.59036875 46.420525287278 0.00140924423016845 0.666216995079723
"103" 1424.38244020357 13952964.2885085 39.8610397856683 0.00412774269044818 0.140736183305832
"104" 667.499552573776 18536971.9075738 16.6253298919182 0.00195188512559764 0.646442415335012
"105" 1533.88628464146 12723673.358676 14.598261958221 0.00638481873360918 -0.0397961573844883
"106" 210.543484655442 11264912.0996706 75.0888652896974 0.00273387486055132 0.0620445203728545
"107" 1233.69638382201 19271807.9794431 64.5734059687238 0.00357632331431959 0.167840717995205
"108" 421.258241431788 14440085.9012501 59.5508626373485 0.00138796804626983 0.516552990061596
"109" 1196.1756653958 1573211.38684638 43.7103137734812 0.00123470712518954 0.663229083651651
"110" 1222.35616176226 19436597.1217863 13.869492192287 0.00595763433403942 0.000547774623785191
"111" 384.798093433492 8251647.80742489 36.7003251917195 0.00122486366960104 0.506217331327149
"112" 296.334455746692 17499651.1185076 57.1286672514398 0.0018401146624638 0.290203042337757
"113" 1900.51903543412 11743580.3365428 7.46224036882631 0.00964008576283157 -0.298680328713913
"114" 122.038458277704 12956046.7191739 25.4283611646388 0.00365370067721738 -0.207216196411629
"115" 1272.3024558106 10993387.676822 81.4329736486543 0.00297887733221956 0.274141281553068
"116" 60.7002600629348 7886952.75161881 71.2761173706967 0.00361548294410453 -0.192458319463151
"117" 773.588130935794 11623028.9854808 87.23608887312 0.0019887464215929 0.493284835569698
"118" 1890.3532573902 828665.176196955 58.9934101838153 0.00130302279236017 0.527827289804239
"119" 1744.17551321187 17749863.9524681 24.3077109868173 0.00614437728620583 -0.0943271487229231
"120" 510.949153453112 9264486.89724784 8.40354460733943 0.00110258979388689 0.823744169799958
"121" 401.839951854199 8632404.15274631 82.1755341850221 0.00157224698049636 0.441352718358898
"122" 1115.36547879525 19538728.4014607 55.8196329302154 0.00335855506555358 0.22775551716063
"123" 45.4618224164005 4214769.17671971 79.8351158190053 0.00335899680144553 -0.0916603826827773
"124" 1894.55878747464 14370806.8434848 28.7309667507652 0.00559650136079209 -0.037030859187791
"125" 1054.8989149807 10163524.8044739 82.3850609709043 0.00252372963337961 0.375465604494846
"126" 1366.6743274997 3463211.15347091 11.846910825232 0.00329278524770561 0.482752387986306
"127" 1597.83818804403 11972696.1325854 1.84324593958445 0.0138745381019603 -0.532242572837401
"128" 1060.89074644982 619677.241309546 27.9624572063331 0.00106917792865352 0.535650793255509
"129" 1517.09495425783 11387287.967978 3.85346385277808 0.0106678239241954 -0.327254128190696
"130" 1025.22153034993 12001479.7117561 24.1986999774817 0.00336371292831287 0.340108732980781
"131" 1801.03097727313 17229488.2505899 69.5326341344044 0.00435264295742639 0.0190549295733802
"132" 820.15863748081 19819058.0181777 90.0763018380385 0.00231910344654804 0.406093678263562
"133" 1076.74428736325 19767309.1776436 2.95601969119161 0.00886964921200867 -0.176486496719413
"134" 238.528783653164 16975282.1581671 42.5725075372029 0.0022611481632161 0.160852397991888
"135" 1299.61369152996 18614001.1546435 76.0449009786826 0.00359364349748866 0.14543893690576
"136" 1172.5053992318 2365360.01095083 99.5454897058662 0.00161816353003311 0.552182375955639
"137" 690.145528923487 4470045.00769544 21.2192934048362 0.00135798649028826 0.771148863796135
"138" 1893.41759832203 18504796.1240169 88.4908552223351 0.00433099453348876 -0.0097502150407649
"139" 333.817529853899 4613595.04496213 64.2331453796942 0.00167932115633726 0.357006256644229
"140" 1458.89012885815 7391175.50426163 44.8321996512823 0.00307849003579019 0.338031794229392
"141" 133.930498366244 9520181.3820051 77.6479520951398 0.00351072525610303 -0.154589478474084
"142" 260.324906723574 18808124.3250053 26.4595634122379 0.00183894015439739 0.250738318739121
"143" 463.01226345473 18641235.7560592 31.6359560587443 0.00112883826155941 0.6643047723475
"144" 755.223392659565 18490139.5905996 35.6911204506177 0.00213741951602193 0.539485790962059
"145" 1213.8688597579 9514328.68952397 58.4639370720834 0.00286299731194132 0.340223501123256
"146" 1181.14380910061 10642037.2085646 85.4344030360226 0.00278536539698159 0.312009431861129
"147" 540.185788971139 3970696.81135472 68.8874908008147 0.00136303294696278 0.558905445283183
"148" 1673.51320241508 132027.535536326 88.2785428387579 0.0022417316890294 0.297835051069211
"149" 587.741022515344 7869419.57368981 14.6358244577423 0.00130026646109717 0.799988688434325
"150" 1782.11016276316 17777714.7960151 28.7903031234164 0.00580377291685372 -0.0741241370236929
"151" 1465.84819445759 10760448.2160881 88.7815142900217 0.00318567876310069 0.221851470522147
"152" 459.942278737435 6144113.31284791 25.6137257965747 0.0010034556986937 0.651787181596949
"153" 1819.50028010271 15560389.2611573 88.9025406255387 0.00403191387311865 0.0476450246140603
"154" 483.763968326384 9301707.38080051 65.0157739529386 0.00138193629774265 0.562542315515748
"155" 1867.06567301927 10557983.0782721 27.3229352945928 0.00502589499439094 0.0647748746900128
"156" 572.500971693778 2651179.4377584 36.6419496911112 0.00108513928615737 0.637213568588178
"157" 254.102765429532 16497187.6433585 27.4985212106258 0.00191985993012757 0.232173814450778
"158" 93.7600752573926 6361503.55967693 56.8649084749632 0.00354731889502069 -0.164483232198086
"159" 1991.89012510143 6910907.80023951 73.7951196122449 0.00301701641096524 0.289532992912016
"160" 353.704304822255 19367307.6019622 67.9661738118157 0.0016153562156877 0.395073693421297
"161" 437.382141823415 13393793.3037756 71.885354663711 0.00145891858074775 0.510058969791182
"162" 1803.97424164624 1861211.68956161 22.3457924411632 0.00162776533676459 0.741071521115534
"163" 1576.61842504493 4467944.36252676 33.341120217694 0.00261409760548868 0.486591690688935
"164" 960.051420090022 11440595.5950264 17.6445883612614 0.00340855934374476 0.366657210954836
"165" 1965.88791715587 13974068.2439879 63.1519628032111 0.00430471079037568 0.0462071451214517
"166" 1725.44913237053 18520068.6447322 46.0944384483155 0.00487049137547498 -0.00949997950070602
"167" 934.457174149575 18085762.7523132 99.6729206410237 0.00261347646533208 0.328129971119234
"168" 455.403645229992 15676142.2200361 64.0044565657154 0.00139810046830463 0.548677585032804
"169" 103.720705935033 2706477.08459292 8.39531800197437 0.00323733689941822 -0.0354603207939848
"170" 1524.3180757782 13793261.4627294 58.6579767747317 0.00385215440864148 0.136593927448643
"171" 137.335878276266 2993935.78348681 87.7588180396706 0.00316321540773992 -0.0139362540817458
"172" 1075.01328865322 4490987.97813058 85.3448562433477 0.00189142837968293 0.528613657722091
"173" 1283.65322308289 3247350.33174511 42.1164770110045 0.00179808538738181 0.634428131272793
"174" 304.794426395791 11099381.6616246 90.8747274971101 0.00199185885212082 0.272925455145688
"175" 617.009636691771 5686977.76272893 45.0435061687604 0.00131207410208271 0.67287674665752
"176" 458.032216668129 3416963.79901841 91.1201037121937 0.00155190949809781 0.457009223442424
"177" 1062.09951488348 3385594.97934766 6.65605789120309 0.00348424135474962 0.488995106538723
"178" 1227.60849815886 11332535.7752619 6.3082768637687 0.00725461995995119 -0.0442878751570603
"179" 114.840460120002 13396752.296458 54.799732304411 0.00371693778986131 -0.230109297889722
"180" 1415.0746464741 5880699.07976314 56.2301790756173 0.00253641025663895 0.428364529427328
"181" 1254.06119616935 19368638.0394502 28.9825177546591 0.0045480771409864 0.104929103956831
"182" 1229.23800553964 961622.091755271 34.0954401995987 0.00108347285425375 0.61299092175663
"183" 1029.98826475884 18743233.1186021 86.362978589721 0.00290484724439294 0.274590421490596
"184" 1320.79818017175 1996310.87612361 18.9616999223363 0.00163537637387933 0.751862633358711
"185" 1419.71890385007 1224341.38560202 10.8600291982293 0.00151308917939846 0.770005575201153
"186" 1049.13732212596 12915730.763576 52.8385757303331 0.00285071123631617 0.346854875951971
"187" 47.2958348721731 11550315.5831946 85.1564911855385 0.00373985818529099 -0.239554035502268
"188" 564.884322035592 4056360.99595577 5.97079947520979 0.00126937034433332 0.81076749202054
"189" 1944.57042162772 17716632.5342143 98.3452978737187 0.00424537919608006 -0.00588569675682882
"190" 1903.22746136342 12012592.4938358 38.7450608760118 0.00466008525018384 0.0638742977117527
"191" 1038.19043318951 10588915.8645412 65.6593743499834 0.00256714993529321 0.388365153089272
"192" 1962.00763452752 18202586.9138772 64.1559031705838 0.00468582681387113 -0.027496750520573
"193" 503.095377304824 2023100.668611 68.1911576464772 0.00138627453400708 0.488324276821885
"194" 1951.92711785715 19169301.8587539 39.2681200297084 0.00552023370280419 -0.0841733477253668
"195" 503.488101182273 16554270.9755013 59.5367202355992 0.00138569778617259 0.599898075376838
"196" 589.022833894705 2045536.59521043 83.8394914641976 0.00144521473609476 0.504263892397071
"197" 1818.29035461391 13644799.4518327 73.8084754017182 0.00398501389596925 0.0823371440932208
"198" 1419.20732676564 14836767.8675568 9.45466465409845 0.00763749714916186 -0.138360939610204
"199" 1659.34518133546 10421193.6112959 51.4777319058776 0.00374354980929233 0.182659679007655
"200" 685.567216709256 6190076.16695017 77.1607335424051 0.00158272874207306 0.584854002260882
"201" 1832.28413417307 2882691.81901123 96.2385036533233 0.0018354923450292 0.532078013007545
"202" 321.850481780712 8118032.05090109 57.0778411172796 0.00167563001787097 0.34776308627206
"203" 379.00804614462 9433538.78641501 11.3591994585004 0.000873624478405994 0.601817537152888
"204" 618.861053379253 7818572.13356998 42.1068789397832 0.00137723955961005 0.682404762653959
"205" 1970.33867218555 12069195.2014109 36.2647468382493 0.00485695205865806 0.042929341958871
"206" 352.992304935819 16833289.0679827 24.308590675937 0.00115702030599174 0.4944975639436
"207" 531.896366202272 271343.455323949 6.84582707704976 0.00128206120504257 0.452429965505262
"208" 785.203502663411 15895804.7769032 3.53893490810879 0.00453054740598812 0.299012922885706
"209" 1529.32127809594 8427495.70258893 47.3005640329793 0.00332744525110714 0.27847046913746
"210" 1563.9645386131 17027197.7568744 54.7358636795543 0.0042677291764162 0.0669519783539575
"211" 1025.31312946277 6028203.69645488 98.5444577247836 0.00207535599186502 0.471019821421512
"212" 1456.40019505983 7032328.68830673 53.8916627457365 0.00285716353499085 0.360616955152108
"213" 14.572868403513 11163989.7901099 18.674743482843 0.00380048144339135 -0.261408033632137
"214" 1813.3166716306 17544518.9314429 25.2519682368729 0.00615906854489789 -0.101434931393819
"215" 1618.7431803816 13647171.4016283 10.3984913257882 0.0079248909509969 -0.175457566318065
"216" 344.424496375024 18641739.056143 87.0960442968644 0.00177175194511852 0.352237039656077
"217" 855.059219894232 17564768.8808385 56.1048006485216 0.00240959857933403 0.431492636401462
"218" 538.062825497473 5212470.38575821 73.0284296302125 0.00140673981034851 0.562270487026681
"219" 772.047294192016 18765685.1830892 89.586687075207 0.00215575549504564 0.446648912607399
"220" 497.003423331538 18018235.0283489 73.0925420573913 0.00147153073869334 0.563416761294934
"221" 1591.65322610596 14665003.1081866 92.2707318945322 0.00369601208535719 0.108278803279932
"222" 1158.81436878256 14600844.3802595 19.7671845541336 0.00449132579614381 0.171228028536657
"223" 1203.11797810369 6213203.66899017 19.5727585526183 0.00331487743389464 0.400380434222063
"224" 572.591142406687 8989008.60387366 33.5064070357475 0.00126342049800692 0.714994041681247
"225" 712.54384101741 1629528.85737177 93.109803966945 0.00148849721894865 0.501269505584163
"226" 45.4288747359533 11369589.3292082 97.1839968799613 0.00371844747856091 -0.232014193963828
"227" 1343.20931668137 13922550.0784116 14.9295463713352 0.00582470654366575 0.0224908364934704
"228" 1542.39482181915 18477159.5719736 86.8129266663454 0.00393253330277965 0.06528364640498
"229" 1621.25902411668 13137695.5200918 15.5591319727246 0.00651352696550528 -0.0651681730633378
"230" 761.56051386497 6424376.85364857 74.3749190599192 0.00169664780088491 0.575179409888504
"231" 85.5646089965012 11497543.3235057 56.1259619616903 0.00377136682576606 -0.25075743337103
"232" 1220.94611460366 10472439.8838123 17.933201305801 0.00443735043372345 0.204919315374384
"233" 653.371775231091 12112680.3314313 21.6162043227814 0.00164190503505494 0.705176644410012
"234" 312.474749459419 10693737.3203691 1.37563988566399 0.00102639054887948 0.495022708040492
"235" 151.534935056232 3440054.33171988 9.53767336322926 0.00302603414706586 0.0116038086542071
"236" 934.223616099451 8641327.7606247 33.9650434600189 0.00239516053145735 0.504387060298001
"237" 1685.14222515933 10202428.5396794 96.3265044207219 0.00329773371124934 0.191240355368622
"238" 645.441715358756 3267897.12931495 86.5838035859633 0.00147104720693591 0.553164286204375
"239" 862.476866307203 15323115.9505202 12.1207097303122 0.00356798726298058 0.362764341479776
"240" 692.724577842979 4021713.31241261 99.6389345005155 0.00158499778148875 0.545667149542377
"241" 844.793228587601 4536407.58821275 89.7099275239743 0.00170220904509995 0.556252952601243
"242" 1329.68401273899 681088.075693697 80.7712670625187 0.00152005111827917 0.450727890526388
"243" 398.349784376798 2561560.53473242 80.7418551947922 0.00161112194945765 0.404693377510184
"244" 1314.23984128633 4854497.8606049 19.1910265362822 0.00312506679232684 0.448317341504481
"245" 1375.30331616569 10126010.4380781 13.5741837772075 0.00557252485322476 0.0819444201058059
"246" 1202.33799029002 18541950.4436199 98.9388034513686 0.00327910097512554 0.180653393542095
"247" 918.583038492361 12733244.3492953 96.3746034817304 0.00238462996375356 0.389723529455584
"248" 1161.29934111354 15377614.7834957 48.3972678070422 0.00338733457478429 0.245405419481276
"249" 1034.29822023353 11699879.8400862 89.9778852462769 0.00258370497948629 0.35063713404862
"250" 601.182910973439 10246125.1070723 32.2062224368565 0.001360999435419 0.71729937242716
"251" 91.281227034051 3011383.92591383 92.7315363546368 0.00321190460746027 -0.033369888822804
"252" 773.05739960866 16329238.4310858 10.3212280026637 0.00307715813679632 0.455881929119555
"253" 1465.54182803771 6015544.8370846 58.3388813943602 0.00259543379900661 0.410608737053943
"254" 1245.48301274283 3422987.46600281 89.1606622368563 0.00180492931659162 0.543788949717285
"255" 775.870969084324 18080613.2973637 66.8301186326426 0.0021295030396951 0.479665928020673
"256" 1744.82162844227 10221746.4113841 31.228917283006 0.00452942626985807 0.12178341750218
"257" 1294.06819245336 6600102.26673912 41.9473904310726 0.00273650708556567 0.418407644651946
"258" 1900.37450407376 3190524.90000613 40.1922330581583 0.0020737938681675 0.586597532389835
"259" 1095.50065529463 6454711.43533941 66.2646098919213 0.00221923112283495 0.476594406039876
"260" 1808.91338751093 11323791.699647 41.7077951454557 0.00432679350114887 0.108854448864093
"261" 802.420124349883 16230651.0232156 19.6628635758534 0.00265782006361512 0.484709330901587
"262" 976.68960449798 113350.448710844 2.60089435218833 1.26324552348574e+40 -1.88071392624197e+21
"263" 1088.91144547053 16340401.962027 89.2710259030573 0.00295388768470881 0.262638830891828
"264" 1232.065531353 5878195.48316766 89.1951162279584 0.00225885776340832 0.438996441848653
"265" 1173.13263808028 4134409.50608347 66.3728308775462 0.00188726012838588 0.557886244265751
"266" 1393.89612788311 14680131.3145785 51.5379100730643 0.00383214484065711 0.155839765097503
"267" 1374.83704295638 18663319.8970929 18.2453399873339 0.00591060296679419 -0.0260430157769629
"268" 587.344683189644 159068.792732432 3.13798455195501 6225.8953160683 -1318.31193990867
"269" 34.0700076122303 19743206.1048457 38.5402048742399 0.00398027246041137 -0.325652207309748
"270" 74.3946676610503 437624.817132019 69.0498364551459 0.00259673435834087 0.224229319539735
"271" 157.71296629915 6459938.09546344 50.6974058665801 0.00320433732852101 -0.0518439197010876
"272" 1023.28019846976 15689170.4947921 97.7450747203548 0.00275762751355132 0.298439565001714
"273" 606.177946418058 5339305.05560711 52.0890811304562 0.00132473342036424 0.645266490752603
"274" 39.3852978618816 8522681.84327986 22.7945135999471 0.00369490638868435 -0.220705659157189
"275" 1505.05189845967 1653696.19908743 72.648194380803 0.00142524764258731 0.593321170304707
"276" 219.912080096779 18186073.4994058 1.65285045583732 0.00193072710026924 0.202031106147597
"277" 1787.81016407395 15774792.1824921 81.7374425262678 0.00407923340348611 0.0488200328274662
"278" 108.448722746922 4960149.71106779 89.2524353594054 0.00340703555133256 -0.111619436195877
"279" 1739.63248652522 13726360.7441215 50.9983580161352 0.00429656142002621 0.0783840750386094
"280" 1941.60625253548 5044109.97473169 51.5153440325521 0.00268374182530598 0.413722417976141
"281" 1541.30155038787 2284459.10252631 59.2259731427766 0.00154253763687646 0.633505737324752
"282" 1918.83096805937 6703641.30954258 70.472785031423 0.00295837103402969 0.308144387475261
"283" 165.674302498344 12460804.514843 75.1581445650663 0.00325351567477332 -0.0784189076211144
"284" 474.885091122007 4504092.49432851 32.7276786773 0.0010659927546461 0.61943230181537
"285" 1563.05349824717 13892899.3993672 68.3918800267857 0.0037839277980982 0.128708710560343
"286" 1107.93661648734 1159205.88225126 92.6488092041109 0.00149355104599674 0.500928576810305
"287" 355.696007697145 7235453.84858735 54.1772318608128 0.00149730914794353 0.413581264523959
"288" 1495.71840190911 1701775.57677962 80.9000505623408 0.0014716935190911 0.577647464081467
"289" 30.8494754063431 12624355.0800951 91.2227048894856 0.00376345638022076 -0.247941270928006
"290" 122.813847192796 12145492.2943376 92.6858729426749 0.00362685895517284 -0.19807748907946
"291" 1883.5422676485 18393584.3611835 98.9739382772241 0.00423664212770846 -0.00577881526364155
"292" 1584.20517604449 18075344.5202718 96.9483052897267 0.00390311373837579 0.0587377604694181
"293" 562.107350595761 13223390.5163361 73.4824383282103 0.00152268692445543 0.583737187193038
"294" 1900.43983626622 9902812.64593359 41.2080708728172 0.0041832403372292 0.139605756307715
"295" 1574.51875905809 18718942.4052136 94.5956730197649 0.00394209393114346 0.0534688481033345
"296" 744.142589716706 16523363.0424133 71.0085390782915 0.00200183202864764 0.505287646255834
"297" 1346.61161498958 2110738.09571099 27.4475189035293 0.00151587581165731 0.734524423575994
"298" 1892.37530108076 14145450.6609822 56.804430147633 0.00437910313456697 0.0480748685970449
"299" 780.923113531433 16141876.5769806 88.55371673638 0.00212992475107377 0.455305941059429
"300" 1571.14549417701 4278446.47851307 33.8912014600355 0.00251885886459213 0.505427413844519
"301" 1176.91002145829 8734563.75133246 95.9671749265399 0.00257413950434691 0.352037807125127
"302" 775.032077110605 2994554.34228294 65.2224194365554 0.00140164598084761 0.616814830999592
"303" 1538.30056869728 11900480.2572541 42.0224789646454 0.00403199403124019 0.155240025835312
"304" 1905.24171098904 7421175.98117329 93.316796033876 0.00298998024915743 0.266793248383986
"305" 1437.20738229807 6917832.75643829 73.0750078137498 0.00266501784096251 0.365163671208968
"306" 1068.59156884439 13873620.5356661 70.2391856417526 0.00284208240968411 0.31485786028515
"307" 1968.94373143837 9014963.59079611 24.9647030164488 0.00497730026714531 0.0922739305674062
"308" 608.615230949363 19689873.11495 24.505121947499 0.00152634526889311 0.713162808735138
"309" 306.721358384937 6504690.87671954 53.3933830773458 0.00173381390784433 0.323590523666709
"310" 151.510036030086 4035259.92240757 55.1928310364019 0.00316847844418985 -0.0260928315191942
"311" 1641.63444683654 19348150.4465686 11.6230634362437 0.008359507123385 -0.25153915082644
"312" 616.766768676229 19208388.2351872 12.2400645089801 0.00175373147739789 0.70937734877067
"313" 333.097925797338 11777615.8321183 94.0033470147755 0.00185765900320172 0.32358145221946
"314" 779.937316046795 4603591.20867215 69.5499115984421 0.00157192120472563 0.603462012774561
"315" 184.519448580686 3582189.19252977 24.5665470170788 0.00267890069421774 0.0947063706083243
"316" 1779.64705533022 10740540.4890655 93.2295514293946 0.00345702558063058 0.161340668503304
"317" 74.9144386134576 5385663.67484163 4.00441600708291 0.00352414915077838 -0.151906568745224
"318" 1290.45506296656 6405618.54455154 6.52167754108086 0.00610425977451935 0.115018643014183
"319" 1696.57609514799 610458.911955357 32.7084170721937 0.00111810730536497 0.536333156011014
"320" 1619.13914038311 18618245.3635149 45.9739201399498 0.0047065925501215 0.0166871181369529
"321" 952.381495628972 6500327.94803847 44.1550063507166 0.00207344580487294 0.554145146323604
"322" 1953.4938091517 11131287.7297867 48.5286746078636 0.00422374473002883 0.104932203437957
"323" 397.526746758027 12774194.9135438 67.7819849262014 0.0014873460600688 0.464736304767751
"324" 1953.92758754245 10996228.6076276 29.4120704082306 0.00506086743021975 0.0472465184287653
"325" 322.852975580376 16542867.1693429 90.5614874984603 0.00188972155577379 0.307620120984378
"326" 69.4372472134419 12532326.4054023 90.16003351775 0.00376228980188039 -0.247540494608288
"327" 1710.50335939554 5523326.07505377 26.7002227427438 0.00342881409795098 0.352611992718231
"328" 1215.18977829791 9186525.37325397 44.4402872226201 0.00300254417091341 0.346323191579297
"329" 2.77479599323124 6464712.71403134 46.5552505841479 0.00356533124236756 -0.170857322881925
"330" 700.257344726706 3351702.92239636 64.7652249196544 0.0013812933248163 0.6131408665333
"331" 1481.06132443179 11610675.0548119 33.0871922506485 0.00423258606300874 0.155486304660424
"332" 1544.48711123038 15319947.0494641 23.0858691534959 0.0055553778993966 -0.00270404225432186
"333" 412.612351196818 3445333.56623724 59.0831294844393 0.00139925486812201 0.463924049884873
"334" 1860.23706169077 2531225.55920854 1.95010624686256 0.00756064330367191 0.1014518533177
"335" 319.157352157636 8656702.67792884 37.93209231738 0.00149971805919015 0.376915576914189
"336" 822.929138068808 925398.283777758 8.28466989588924 0.00108179709901219 0.699823565315051
"337" 195.687094888417 14135548.8923145 78.6773600894958 0.00292419780923567 0.00926187391605482
"338" 1105.89677108917 17065205.0493285 35.0041189298499 0.00361739793626069 0.240320573022066
"339" 1114.26992676454 10800339.8281755 65.8487146862317 0.00274893646227809 0.347594724060912
"340" 766.692949840566 12055975.6025672 60.4645066184457 0.00194421238282711 0.538056272136119
"341" 1204.84221739625 3040725.33946019 96.8403556053527 0.00173394092835812 0.546498764714453
"342" 667.02008027886 10540082.8016223 54.5039015479852 0.00161386753502615 0.619209839069076
"343" 873.734603739576 10183851.8478442 54.1554209920578 0.0021692223568316 0.500135192822673
"344" 1257.71255920758 15743520.4032809 3.58664285275154 0.00986791008423758 -0.270460347420045
"345" 793.020939088659 12927130.0615044 49.6696075622458 0.00206643730176683 0.52864088332113
"346" 378.315660809632 6196567.89291184 94.1914600874297 0.00170168506120682 0.389069698863388
"347" 1275.11935775401 7852393.62027496 66.3243668391369 0.00267738631939384 0.370200431938622
"348" 689.988335581962 3242754.10564151 51.0342187860515 0.00128875060654675 0.649285839317141
"349" 1699.35870292643 1812648.05477113 70.7663600689266 0.00146466960261845 0.605660087138522
"350" 1803.16751543316 8225992.88884085 57.9164677439258 0.00336717610843437 0.245007932069474
"351" 1922.53585909354 19027948.3117163 92.4522745211143 0.00436076254439727 -0.0208392858341546
"352" 1434.87476145639 13364714.5768628 24.8127037361264 0.00487808903191233 0.0888824041894496
"353" 1657.7603481051 14763555.8819165 83.174923537299 0.0038401282253758 0.092437925362817
"354" 1181.47670633881 8660230.63887842 84.8370597788598 0.00258683118148702 0.361331625542655
"355" 585.103976090439 4091790.6419374 79.5260215431917 0.00143736083941236 0.55941802905163
"356" 1280.80747528002 12585909.6785076 1.81181219755672 0.0115096350281932 -0.353287850681413
"357" 879.245340895606 8584659.31999963 70.2021989601199 0.00205519210980986 0.502494236734086
"358" 1191.7030752555 5374918.47334895 47.3533426832873 0.00225326058111384 0.512329660467883
"359" 1277.98053451022 13377973.1049435 7.98899067169987 0.00721508022222651 -0.0701342369578384
"360" 860.251105512027 13616964.8388401 86.0242646252736 0.00227062760645664 0.426055547942652
"361" 1173.15414832183 9628305.68382051 18.3311010326724 0.00407837694864949 0.260983240248922
"362" 1550.01668567234 15163813.3286033 70.2314426533412 0.00385792363230624 0.109368879328406
"363" 1721.12014831882 16986557.8527562 3.73970516375266 0.0130240430113138 -0.539713211119354
"364" 1815.29752257559 8016538.38227503 11.9346659001894 0.0064897083732163 -0.00111244678680866
"365" 895.579048523214 12877468.7769823 5.20888361148536 0.00506914127215014 0.215845623230387
"366" 1640.77048735158 1092634.55169275 95.3396292477846 0.00151125680714553 0.503439095676893
"367" 658.639163118554 16404027.3056598 9.40336453798227 0.00217680197752845 0.632895587903019
"368" 469.48402008065 13349925.896246 4.86389350635 0.00105202912705888 0.812247125255269
"369" 846.365422177361 19816361.5499623 90.6577579521108 0.00239899518314546 0.386275218745659
"370" 420.711922440212 18342727.710004 47.0713695890736 0.0012859181754714 0.550401930360449
"371" 1324.22807094059 19505347.6834204 92.1517365381587 0.00359101913229709 0.123487585578794
"372" 1350.43956298055 5722563.99672478 99.8059358410537 0.00232692414189225 0.413354560862736
"373" 665.702712027123 8364787.33662516 6.04615857242607 0.00226409922769752 0.651289481775345
"374" 479.94899554993 17995223.2205542 42.0495819135103 0.0012377913553958 0.638903674751457
"375" 331.778090309352 13596362.3208459 16.1605380410329 0.00110129671119254 0.474526728833335
"376" 1312.25622150744 6486473.68957754 30.1009278416168 0.00305299189976949 0.397456999735497
"377" 1147.95242100488 16822879.6670679 6.43364966660738 0.00732935269749141 -0.0735755379462149
"378" 988.345160853118 4707130.69164194 84.487146189902 0.00184530643215238 0.538164031151825
"379" 1515.88967933017 15697258.5279727 16.0417583887465 0.00647232143672642 -0.0725939739889558
"380" 1076.9146113724 2446903.6224531 94.6818579819519 0.0015889493812977 0.560346234434292
"381" 502.20882313 14664015.907771 61.0243376947474 0.00138778372668266 0.593963231442524
"382" 1443.72769567859 10806927.9366639 18.1477610641159 0.00519753586128233 0.0937020281908353
"383" 1523.34053918323 8848753.28110065 75.1655872089323 0.00306433023810777 0.270499801804609
"384" 1125.81414797856 2375214.63085432 64.7479161072988 0.00147415148381007 0.623179166995724
"385" 398.404901345493 14782380.8970628 15.0197113943286 0.000915223862751791 0.634290382900108
"386" 330.736732768128 14991108.7399814 77.2627681680024 0.00177444227063907 0.338069276927745
"387" 762.750426395563 14292041.3163025 84.9522553272545 0.00203200579621629 0.483439635246074
"388" 904.498386354186 19909591.7721745 26.7862645168789 0.0031011158581343 0.362811796953685
"389" 186.960721368436 19864706.5610858 5.11991053912789 0.00255795662832521 0.0671573829531841
"390" 263.418623172445 6347979.90319785 17.4344867025502 0.00163513006712975 0.298358765993257
"391" 1651.12901188596 11764144.152333 57.9900647890754 0.00380474293635063 0.151449158531055
"392" 1171.70407431596 12970702.2610586 89.6414359442424 0.00294102420347837 0.269082513889842
"393" 1472.97517102538 10705456.4292543 10.0866079255939 0.00692072093771539 -0.0493684641970522
"394" 952.009330191882 7529151.59480181 18.0357966974843 0.00286362099716543 0.479149276719546
"395" 933.403562807944 4031311.8528109 8.42629364365712 0.00289993414829305 0.557090089055692
"396" 1693.84041140112 1335383.73073097 76.1334590546321 0.00140739952097112 0.565320955857511
"397" 1573.71042153169 6700433.24758299 65.5547407874838 0.00278173067191394 0.353733090623838
"398" 1362.04221082502 8368347.93474991 58.1405480785761 0.00293945456577807 0.328715284374004
"399" 1864.24131816998 18241924.6669859 88.5610951622948 0.00428452194519394 -0.00126587992163563
"400" 1992.11187895504 18258193.9513097 58.7888348877896 0.00482964357775256 -0.0384852358445633
"401" 871.87860165094 104742.745892145 3.32683963468298 25198614701057.8 -83998054.7581892
"402" 1362.53532529343 7664099.90624525 9.99585330067202 0.00570115609332095 0.114415533096189
"403" 1916.68302597129 14566468.0801099 40.5015492155217 0.00495537139170597 0.00439095668108569
"404" 1544.52756627183 7347125.00143796 53.8974117045291 0.00301469070447493 0.327211737622224
"405" 1504.66344814631 18109225.7398646 28.7145255261566 0.00524223981329847 0.00427972805582777
"406" 1264.34776825691 15301519.9400485 7.1271304928232 0.00773135700006107 -0.120911302770403
"407" 683.791329286294 455757.895438001 82.3085014175158 0.00175073479234389 0.37611333293892
"408" 1594.03600384528 8468554.9137881 63.6778082691599 0.00316426597048373 0.271514117497718
"409" 543.990813214332 3080588.18783611 84.4205951171461 0.00145397247365277 0.515772841347135
"410" 1449.37453435478 11965405.8707645 90.2912543953862 0.00328723520157325 0.196655009565828
"411" 1534.97822773992 19439583.0804482 8.24349394952878 0.00921374058899446 -0.295973974690024
"412" 1005.5255973388 15683305.4359537 83.6036038778257 0.00273159170247323 0.319233431527429
"413" 895.670541052939 17508931.8217477 92.3180722109973 0.00248996972613206 0.364361045213411
"414" 1850.53389626136 4613456.34160098 5.52483853581361 0.00714869137833426 0.0389402889461928
"415" 663.03421706683 2384520.6876751 75.6557636137586 0.00138552179701793 0.556671922424882
"416" 1251.09377233591 6865807.76481424 38.7385304451454 0.00278724464074248 0.416318743132756
"417" 205.905253647128 13958864.9174199 71.7378801903687 0.00278666099326731 0.0439403256580329
"418" 968.044801503886 12083774.7659534 60.7485520900227 0.00251958965475207 0.404708521592671
"419" 867.064810563345 497241.552080959 93.0400403139647 0.00174604348110866 0.383869714752688
"420" 129.959578665672 16626542.9604566 32.585204398958 0.00362399931421487 -0.198458821550942
"421" 1535.66305312049 15937970.0287944 6.20130236563273 0.00988061060654097 -0.31888592008744
"422" 1838.23590807663 10702565.4121535 16.4904425980058 0.0063248142963346 -0.0391064628714
"423" 982.068095277762 18044692.7964222 8.61679278430529 0.00529799289936185 0.135950259938052
"424" 943.888039264129 19212986.1848895 19.7489716194104 0.00364104152157769 0.298096581455683
"425" 797.935283667175 8356669.25166734 48.1171660691034 0.00186107977080231 0.586135509969787
"426" 815.232466365211 9011041.89874604 35.9378942013718 0.00201329364295864 0.58137016124001
"427" 1080.56819124636 11777838.3107157 70.0411407765932 0.00273404818471297 0.342073836440351
"428" 1289.11613513785 667647.522618063 13.4629043943714 0.00100990727088124 0.635182203251746
"429" 478.189783963142 1907468.89910661 3.52619656524621 0.000973556358668188 0.690628344093744
"430" 994.684232203756 16518131.2207598 80.2693458721042 0.00274322912645177 0.319876485627838
"431" 623.882514920784 16843286.0562112 59.4702102153096 0.00162154377385653 0.603429645760281
"432" 1339.00123744528 17314537.0038925 19.6647404411342 0.00548224674381245 0.0238463267202265
"433" 1550.92784984224 16712229.6352405 17.5517373406328 0.00643933386872587 -0.0832633132799869
"434" 1921.51209940226 9153845.41391395 11.8029422047548 0.0071296216536003 -0.0810883897281172
"435" 466.144098494202 10467217.2963852 43.2549048659857 0.00121436196161961 0.609496916914015
"436" 720.688805498183 4423083.51811953 36.5607422424946 0.0013747274138957 0.708525210961104
"437" 1282.90521951276 18099445.2717714 43.9080731153954 0.00398824969049277 0.143806455350359
"438" 1169.93251444679 1268501.10527594 7.88641819194891 0.00168383742418825 0.758404278311277
"439" 689.104786678683 10157846.8163265 77.8213655266445 0.00173056260669657 0.559557737594489
"440" 1149.98284659651 7143005.91314677 72.5118498972151 0.00237790221968295 0.428827569714385
"441" 1716.72533313534 18974859.5724348 58.703251167899 0.00456183264678203 0.00465973292261723
"442" 1781.02351437882 6335010.52733045 75.519872920122 0.00276912048768172 0.341437791782338
"443" 1507.12997601298 16239722.1285151 65.8920755872969 0.00393064263490928 0.102642736370242
"444" 998.583561095409 3937815.00563491 90.077522831969 0.00175964617525969 0.54874570046597
"445" 640.819449011935 18032914.2650822 35.7926923427731 0.00162929237359448 0.656387322340178
"446" 1037.93817189685 3415715.09346832 98.3031494379975 0.00173123859773087 0.544183154893954
"447" 1434.44305003341 11153194.7015552 47.2118797339499 0.00362370826118366 0.213754072968034
"448" 840.701878808439 9163033.93705748 48.5484025191981 0.0020302667697798 0.545597352001157
"449" 317.560650036205 2473349.30216894 20.542384682456 0.00127785526737461 0.408297423864881
"450" 276.482970029349 8008550.42901821 48.1904429695569 0.00191110342284654 0.264138626158012
"451" 689.63917208463 18874279.7817802 97.9574323054403 0.00194661420036296 0.488514182640025
"452" 435.930055770325 8775424.70234912 41.5855599404313 0.00120112203682004 0.572275565743151
"453" 292.993913744111 9680399.48502555 20.4079590386245 0.00142199076865043 0.360964168050086
"454" 843.423331614817 6468972.44919091 20.2098637395538 0.00215609049994459 0.614545907646621
"455" 1884.7313116896 625056.426017545 13.9623810152989 0.00103367726163732 0.631821543482737
"456" 731.955297639826 6479281.28368221 81.9210547872353 0.00167969763079996 0.566406146815855
"457" 1083.98571651196 10717765.5695239 85.5226889809128 0.00261796048482619 0.349269307884055
"458" 1551.73700047215 2846450.66384692 80.928551023826 0.00174627843895412 0.566473351928114
"459" 816.359266797081 13014776.1112312 23.7934875409119 0.00245903051984836 0.514327850713903
"460" 1888.12595183798 19544794.9638125 82.1189108709805 0.00445623123227675 -0.0236614118824774
"461" 149.45232376433 17589475.3846107 39.5082967113703 0.00341921724215285 -0.133945617310911
"462" 1373.49172526039 4391610.65239459 47.2506981946062 0.00218703929799498 0.533041615244399
"463" 463.458071309375 6704186.8748609 39.7564020971768 0.0011598025128556 0.602558178663955
"464" 1047.29909288837 14911154.2494036 13.1363695741165 0.00470924982082898 0.183270061488338
"465" 1480.85589222331 14520458.6100765 44.27365948027 0.00416074614365312 0.119439134218899
"466" 84.3476066680159 9269226.47857573 61.1346934547182 0.00368844357843087 -0.219778609499773
"467" 254.007143618539 8415317.23148655 69.2553870526608 0.00225904140941075 0.186175923947367
"468" 1591.82411328354 3244439.34499286 12.7132622268982 0.00331486617037248 0.47810178406068
"469" 828.960041326005 10150106.9176476 66.2291466924362 0.00203338906605607 0.51076774591647
"470" 1733.99540369492 7971748.76604695 89.0991304216441 0.00301640244943248 0.264268440054277
"471" 1114.47906611068 16562873.9847569 70.7299185714219 0.00309795815257711 0.256149488326455
"472" 908.834393721307 6073855.59852701 45.8805891212542 0.00191747734391093 0.58553630664094
"473" 130.463377044303 9945002.44520605 57.7533879396506 0.00354799010796639 -0.167672041307928
"474" 952.275667902781 6574798.05415496 25.7628314658068 0.00236664454008523 0.548121263612313
"475" 776.099601039663 7382636.95389032 67.2947784748394 0.00176186576780786 0.572699779160647
"476" 371.428495323285 11036635.6591228 70.7318794317544 0.00157382382103753 0.41763565612354
"477" 207.938634709455 11190705.7087868 47.9821956560481 0.00264414228191192 0.0769766248276785
"478" 1357.86845228332 1491325.57613775 22.5263347798027 0.00127002774383949 0.756149992590883
"479" 967.079784468981 7658894.0868387 53.7648687346373 0.0021901639027256 0.502250432036204
"480" 224.721889443928 12231012.8920479 28.410596992122 0.00228248902698774 0.150274934143505
"481" 1357.45787875913 12254448.8580199 72.6423444389366 0.00328512605531078 0.221071779742161
"482" 460.524476677878 15565715.1347725 93.6365382268559 0.00157583894927764 0.497188233979522
"483" 307.45986162941 3759524.91939534 31.2832896034233 0.00149149719674161 0.366074348769899
"484" 1304.60556997336 15637745.7510447 56.1420071832836 0.00363980058811547 0.178171758899247
"485" 472.502500950359 12617221.049522 72.528475477593 0.00144507675942274 0.542750451632175
"486" 455.257797637954 14069545.8489237 79.3896274785511 0.00149575642351134 0.515443242837382
"487" 1624.00282726297 11824135.5892969 49.1984767587855 0.00395413918199557 0.147156289101219
"488" 1351.10929777427 7074602.39718203 38.7691620159894 0.00299326498774368 0.374545579437705
"489" 1236.61782890907 11323999.0133559 53.6100426658522 0.00316173794253721 0.284909739039312
"490" 1163.79998069722 3760054.68042567 76.1219508335926 0.00180869568080701 0.55946441164621
"491" 983.817021361087 19825976.8769145 61.3097796416841 0.00289820481044395 0.311227787393018
"492" 1900.66702027363 6853957.8755619 67.3181891911663 0.00301179085342782 0.30212520964576
"493" 956.855913041392 2301812.24779226 78.9125590040348 0.00146950789957947 0.58602329401327
"494" 395.399741503643 180479.349545203 99.9705399111845 0.00229133065826015 0.286790288622098
"495" 320.146160964388 1053048.47527295 13.2682791466359 0.00123912309765602 0.416225090004398
"496" 1263.8994750143 3876901.17000602 76.5475158428308 0.00189313265340685 0.542077994571448
"497" 486.334055420943 8109212.7392767 82.8685675831512 0.00148857435437813 0.524746448096263
"498" 533.921864302829 10755670.9657889 94.1770894883666 0.0015776030651115 0.53531050973237
"499" 941.408814509166 4986267.90239941 79.5319769629277 0.00182360720728905 0.54800204236236
"500" 1491.71981621021 15547873.0295785 15.5419025684241 0.00646552962140898 -0.0672441110999775
"501" 280.069156328216 14390499.6442376 81.4997292000335 0.00211511722057673 0.226212870138679
"502" 1049.14938928955 467656.893352978 78.2425520748366 0.00165289775284583 0.40051252669551
"503" 1003.90738916467 9577525.76984931 26.2804222973064 0.00293903258788118 0.418067858683753
"504" 1152.9279391726 15041757.4658524 6.6301711879205 0.00711026261372058 -0.0474712345814212
"505" 361.224666175898 8900921.22021597 21.0089354966767 0.00106953502479617 0.516452300059723
"506" 1932.68256201758 8120862.78838105 50.7806953506079 0.00356256125121932 0.22658365030124
"507" 1303.21771025471 17422520.6053816 57.027181221405 0.00373938564725152 0.154955154372591
"508" 1692.08654153673 6802681.06013536 2.09247110574506 0.0117441641665442 -0.337477358686777
"509" 1671.23676902754 19607497.0655143 78.5032019971404 0.00424962856578362 0.0183648034318183
"510" 1589.78910927218 15165760.2120889 93.1854153489694 0.00372910501755771 0.100039051520391
"511" 1093.93061663862 16854486.9410573 40.4032615667675 0.00341900272892087 0.259448017310897
"512" 552.025007584132 16695525.8094473 89.8160175385419 0.00161178726598782 0.54743932056645
"513" 1686.00086712418 10962222.2556965 86.6300468957052 0.00344488793322066 0.171468584678747
"514" 842.48428641865 7409346.60367202 79.4918576162308 0.00191090893166879 0.524778300722153
"515" 44.1096457012463 9903579.70758341 59.8984205154702 0.00371527052466056 -0.229912916261692
"516" 538.078713828698 17160787.6084512 72.339790713042 0.00150647266986232 0.58155572165683
"517" 1516.96050547413 19703345.4804681 29.2039677118883 0.00536005690637135 -0.0178719766858264
"518" 229.835284741363 8142152.39211917 98.6443906300701 0.00260051228911987 0.108390363112277
"519" 1503.09434127808 9506206.01293631 99.8296906743199 0.00303603407381581 0.244152063366753
"520" 1313.89128610399 15802328.802878 14.7839833386242 0.00594091573529124 0.00329231171132904
"521" 1340.18149280082 7738411.42274905 91.8880681185983 0.00264981361591107 0.341620140607599
"522" 1287.35308004287 4174757.80232344 32.8409398270305 0.00224305371822559 0.56565031559308
"523" 1225.29655723437 10210165.9641601 22.7637128864881 0.00398106447286759 0.24906338314106
"524" 1587.96927097463 8462637.99408916 55.5247622390743 0.00325826453841123 0.270562337913265
"525" 1346.85773029947 17916858.2632672 14.7215894216206 0.0062975587624377 -0.0458473153698373
"526" 723.801554712933 15735587.702482 98.7345038822386 0.00199292128072466 0.478733906440659
"527" 1841.89061708003 10627529.9286004 5.97725165053271 0.0100747991105228 -0.309133369653395
"528" 964.763021240244 11497211.0952251 2.4530062424019 0.00709900785847822 0.0334488260540761
"529" 1370.72074621194 5476517.49926154 21.8588373987004 0.00327127440669865 0.403060758204891
"530" 721.398018399021 504485.466703773 78.3743227005471 0.00167379442108258 0.392547652243666
"531" 1448.31315408135 19165458.8082107 95.5079930645879 0.00377553007115479 0.0837446689483613
"532" 15.7047862212639 16995086.983568 8.99412418832071 0.00395674064283605 -0.319144029551155
"533" 7.93051735451445 1585629.66056634 52.9491472404916 0.00299872702958788 0.0592017928130018
"534" 1715.88551309728 18729564.0636003 93.6651140395552 0.00412432724087786 0.0207206362583084
"535" 389.506469164509 17813261.5679409 17.1700199150946 0.000958636467029851 0.607285162228414
"536" 1206.51141139609 5712136.8316235 42.9019994258415 0.00239760982777202 0.491124487159863
"537" 1961.82072125189 7007500.7495936 29.1618859835435 0.00405109184702388 0.225206266960379
"538" 1326.44375241711 6833236.21612508 60.0463878258597 0.00261177030468819 0.399783779528223
"539" 270.490683371201 12286827.2570893 51.0920443080831 0.00199533068229618 0.239548588068072
"540" 633.250860427041 7139985.45471113 42.6974491393194 0.00138704968082762 0.680964808731337
"541" 1414.66153171053 11663565.802644 35.002960909158 0.00401954065776046 0.182871160749138
"542" 502.198074990651 17137440.5885115 54.4789512604475 0.00135223059814495 0.613879316006577
"543" 1286.62120915391 10715890.1505172 39.3474271018058 0.00347243452307644 0.266644931368668
"544" 428.657246504212 18073113.9611686 91.0081241554581 0.00158735970871175 0.471461788872545
"545" 728.671864639735 8332393.27226765 45.7769696768373 0.00167683852627035 0.630250986850277
"546" 1393.80959263188 12274776.2813233 69.7468245818745 0.00336761083190458 0.209436612009347
"547" 1745.25964176655 3764383.10469966 74.1445585738402 0.00205912657327556 0.511498665590926
"548" 1899.46716200234 10102169.6441807 10.5458097029477 0.00779637830563947 -0.146187133769815
"549" 1419.53505635168 8452751.56637654 78.4352830313146 0.00287829620300702 0.305981899011415
"550" 346.260890893638 12257641.6716911 77.1075082477182 0.00170456517102945 0.366642772668844
"551" 1201.18213502131 15187102.8396534 2.9632611987181 0.00981769449946534 -0.25087610978136
"552" 267.602862232132 18492235.3383387 83.9781354391016 0.00223153808621963 0.191579869269815
"553" 796.700747252442 17340025.0948034 2.67198662064038 0.00510697588914919 0.235830314801259
"554" 1026.79797562864 710079.899872653 59.1148523455486 0.00135533270445797 0.480269823020626
"555" 1569.48991489038 16110154.0396456 13.6302215231117 0.00720078900138174 -0.138019132733531
"556" 635.567142402753 1957305.38372882 7.25903218216263 0.00116178146585205 0.781147518420048
"557" 892.370471312664 1652229.56486978 86.1049660982098 0.00144525680874915 0.539583747521768
"558" 382.726748302812 10722505.308385 66.2542948431801 0.00150960759789632 0.442498969743567
"559" 306.031863360666 19308948.8067897 88.2696306733415 0.00197351398139989 0.274914426160576
"560" 494.858017828548 17423882.9572452 36.72326978622 0.00120748642628449 0.672632507625334
"561" 474.885773905553 19742712.0436216 40.1537745960522 0.00122142515048326 0.64245791758379
"562" 1872.16218722658 8980362.57415079 22.5607135349419 0.00508869884711134 0.090422400378395
"563" 32.0394605437759 1460034.90220755 49.2416669037193 0.00297067441186282 0.0710765004326475
"564" 767.64746029349 3009626.02205109 35.8988954187371 0.00127190614799831 0.713422007938314
"565" 312.507932181237 9400727.94940788 9.1390760440845 0.00105998968391528 0.454979952356293
"566" 304.486665552249 6061406.08689748 63.8389956722967 0.00183078940607688 0.305525365271871
"567" 457.85902608512 12769233.1594182 83.8511700034142 0.00151817923677577 0.508500274776567
"568" 120.794647735544 2670184.95816737 60.1888006061781 0.00318637015698412 -0.0182719173996333
"569" 1714.96319539985 13350652.3513934 78.5027576347347 0.00380643167666946 0.108250725389294
"570" 862.467564254068 11169786.006934 43.8406855266076 0.00224525389967083 0.503313108566041
"571" 1886.11954421643 12378108.4181508 60.9342190949246 0.0040772317132987 0.0944027623471685
"572" 1100.63612120948 10578952.4308871 26.664958005771 0.0033870941944996 0.329843763404661
"573" 1077.51519792574 8676157.68692922 30.3142651538365 0.0029258491820008 0.408671575213313
"574" 1094.68261963548 17854923.3575817 57.5864033566322 0.00320568451062427 0.256357201940923
"575" 1805.92019662727 9366701.03012584 44.7559618100058 0.00387424852448788 0.182745862917091
"576" 582.707214087714 14308192.1495497 97.0389004070312 0.00167269042977784 0.536663976740547
"577" 617.693229617784 17445796.9531417 79.5918225152418 0.00169256690129021 0.558674861444141
"578" 1052.52983200829 11843770.9552934 58.9880714039318 0.00273374700774223 0.361203943729718
"579" 970.806118723005 13233473.6752324 99.5892838591244 0.00252759873882284 0.35252966662577
"580" 69.2247730724048 6885318.95757187 26.5151667995378 0.00360827420498908 -0.186642068735149
"581" 1144.44410367939 13646978.8728748 92.8667027638294 0.00292469129786183 0.268194313502352
"582" 671.442767645465 18880921.4283945 12.7040230247658 0.00212992253962107 0.623446584149523
"583" 1060.58797081048 3288206.27413224 8.19967794464901 0.00306995223891953 0.542516428517522
"584" 1362.76104878634 7207872.86406849 68.2797347619198 0.00266760129288062 0.371251551817247
"585" 1251.46717627812 9342870.14228757 26.1273129638284 0.00370310664771233 0.282476551530152
"586" 3.639058472123 3666025.11615492 86.6268502431922 0.00329611937627544 -0.0670063244259789
"587" 1532.20013973722 18958691.3410341 3.703620783519 0.0122547516825776 -0.483744849345783
"588" 1781.675124923 1313973.18318486 89.2930110315792 0.00147877082635461 0.539388921858589
"589" 1921.57637833012 7406319.41300817 44.9605124422815 0.00351287306301327 0.255987869246661
"590" 299.493649601704 16014211.1325637 1.10754874860868 0.00110058757211249 0.459379885914969
"591" 801.869827806717 17665523.8762265 44.923979942454 0.00226066602549764 0.488851076030625
"592" 700.44436691259 19704826.8486746 98.3258867878467 0.00198537325806408 0.479086746539396
"593" 21.3521675870288 13190894.3750896 44.8684939960949 0.00383695293477431 -0.274940308228029
"594" 1134.02787439409 16829866.2650865 71.8202693783678 0.00315404876514305 0.24245062587874
"595" 727.231696347706 18749840.4044425 43.3601934930775 0.00198142127272255 0.55678251890723
"596" 521.335582285188 11062362.8066853 85.6212522182614 0.00152843342832473 0.546083256890947
"597" 550.783134155208 4936402.46409923 50.0868866348173 0.00125016598134861 0.625844147576114
"598" 1163.10010894551 2018879.43642214 49.1220388645306 0.001353901084093 0.66498775708519
"599" 1612.39142145123 1265059.56056062 97.2228087713011 0.00151635063222092 0.519391806307664
"600" 363.341548826778 9632518.33508257 45.4495179643854 0.00138541457639608 0.448621987184091
"601" 1389.31670608744 13977565.0596945 61.991162644932 0.00359830308829238 0.176047774864183
"602" 609.279650084674 1296479.81945891 58.2889665972907 0.00129468560561957 0.507555154027626
"603" 372.821673958329 11742185.6394038 90.7698775620665 0.00169333502214734 0.392980360133298
"604" 1263.22265779576 8816358.04914404 56.1698053271975 0.00287938612602116 0.343766498584563
"605" 1216.97062811907 15462921.2148022 77.0452614373062 0.00324053309889019 0.218270636188484
"606" 1541.76034835074 16728601.413453 14.1721305586398 0.00705554999064077 -0.128164511463505
"607" 1362.02338238223 2764182.65902903 60.9568567755632 0.00164215372686014 0.617253634378133
"608" 528.514974940335 19887327.8440442 59.3546933236066 0.00142822456914493 0.612201503220938
"609" 1350.72345106769 6779178.80511377 70.2987412912771 0.00256834312092357 0.391156243552828
"610" 805.448361996328 17420260.2493344 78.0725093020592 0.00221676789337575 0.444803039568862
"611" 1697.33929588809 2088287.81505581 15.1402034945786 0.00212906246300037 0.686571213594123
"612" 458.758564317599 577466.981252655 34.8293502829038 0.00137589757577215 0.421812178010249
"613" 721.46013354999 4474598.02336525 24.0466445006896 0.00141514373160042 0.752989221730252
"614" 865.343788777711 9072549.92648959 72.6237185823265 0.00205867965485057 0.497445143739165
"615" 907.106134523172 6168975.69110151 15.6425533501897 0.00259407591418408 0.550163480433133
"616" 528.983808471588 9425459.38512776 50.2343310276046 0.0013042931494861 0.634532704576287
"617" 947.495267118094 8104841.01190232 29.4323052633554 0.00246997977548644 0.505766051994041
"618" 1201.02190522454 9899014.89545591 64.6125368061475 0.00283591171200679 0.333115653379943
"619" 982.099486100022 571731.447149068 58.1937153097242 0.00142020000476536 0.449358999843557
"620" 1273.93080660165 8225457.0025485 51.7215134366415 0.00285971234478281 0.360073230382883
"621" 1155.07400046429 11076929.2079378 32.4825189730618 0.00338774296761937 0.304780274323473
"622" 1145.87020811974 13046971.3455066 3.8140371425543 0.00830540823993872 -0.119976632326368
"623" 1601.05993641447 14953073.7077817 83.7884573016781 0.00378455762341884 0.101760857141917
"624" 1826.88435423025 7987948.57822359 79.3477255650796 0.00312558150741572 0.254445717508734
"625" 337.165345572401 5540034.28861033 24.8906205564272 0.0012245329427139 0.444652027722714
"626" 1068.25590463402 1677444.95188817 1.54766878183 0.00420962262170239 0.470740211702684
"627" 292.455137951532 13468973.8939516 81.101271957159 0.00202180650003592 0.25498330006962
"628" 1047.76516224002 12093200.8677162 70.797720211558 0.00267866821207061 0.352617477018367
"629" 1539.07152952603 17871870.2849234 20.1773229639512 0.00613802549797221 -0.067264791692121
"630" 1873.69153207634 15343932.7785512 20.6156332772225 0.00656443027024947 -0.117554578207636
"631" 1911.13305412722 3029370.80876436 39.7308304214384 0.00200571018052948 0.603270476271921
"632" 1148.39203214506 9314818.30489356 51.9790812891442 0.00277638564633749 0.373001618084632
"633" 427.355133600999 16072303.4510389 95.935729336692 0.00161351504155696 0.461579829787556
"634" 1554.62512413971 15990291.8129927 63.1504580609035 0.00402380189558017 0.0918012696384874
"635" 1827.02092536772 5273091.63587634 18.4110476565547 0.00410921034802231 0.289348424526962
"636" 1579.97467386164 4177358.84247813 84.7925393818878 0.00211465608010152 0.483118188355938
"637" 193.241696077399 2323644.26155109 13.8813779070042 0.0024118594342697 0.165945145536727
"638" 38.2313834298402 17438655.1849078 35.4806033805944 0.00394292878300371 -0.31310617012284
"639" 1207.57927369163 16821623.6825567 63.1184838830959 0.00340336152469987 0.207230922179516
"640" 585.070857132319 10688060.5183542 45.7704643476754 0.00138591413394802 0.665639466486782
"641" 1660.80737230578 1605306.34659808 44.4993773035239 0.00131135022890377 0.673930125187621
"642" 1348.17907144851 16864602.9919619 35.2243689841125 0.00437237871148375 0.111018875058364
"643" 830.971990804188 18674736.681208 54.1688202312216 0.00235648282781106 0.44648621215677
"644" 1401.8932895069 10252685.5221484 60.3129445780069 0.00324403439734989 0.256681830006633
"645" 1467.67829498718 1758880.14810625 39.2119765293319 0.00133200294959599 0.697833588930258
"646" 250.66518345545 9434296.62773851 70.546425111359 0.0023005326340912 0.174161346995942
"647" 1030.28383742739 3338456.87187277 2.32057054829784 0.00519945361426772 0.315386775202225
"648" 1484.34770685202 3827576.39959455 47.4939323053695 0.00208051731034732 0.559169895058479
"649" 1913.27679805062 9291787.71357983 33.5990763283335 0.004393802170776 0.137165699311659
"650" 1237.84531175555 3782925.95932726 98.7547081727535 0.00189368757451914 0.515664127579852
"651" 546.95958306687 13960037.0664615 27.1217601385433 0.00123592361356042 0.741308469493158
"652" 364.330795601709 19576493.949932 86.5751592412125 0.0016966736100271 0.387892492007196
"653" 1751.80597213237 18913629.5769131 12.9674340884667 0.00826285982881238 -0.254855038899804
"654" 874.517990111839 5201854.59780041 78.2521735881455 0.00176710309401381 0.55982105250621
"655" 817.831188014708 7530042.16712434 67.0326260230504 0.00185282929976778 0.554230514331137
"656" 1808.18685694807 584956.23068884 48.0250774580054 0.00128661721405692 0.489892273689876
"657" 1263.53853943502 15683494.6240764 88.3514635439496 0.00329260196741768 0.192316999549635
"658" 1559.11030737776 15926719.5070861 26.2775967535563 0.00536414077904608 0.00419732581216492
"659" 1402.37129896018 4382455.82745876 9.90868623717688 0.00434247420384872 0.327593603531762
"660" 1794.67350660474 840958.753111772 12.8777196283918 0.00115666713092522 0.713230318164269
"661" 1226.24323499179 642776.280804537 66.7267121262848 0.00143730179921265 0.460652763093505
"662" 971.155322712613 2017410.08707322 57.406860683579 0.00132937492001744 0.631367634531965
"663" 378.472193708178 8861917.73405299 72.8587242437061 0.00156816834648095 0.422683242026854
"664" 29.337309055496 2118453.24314199 85.5300513177644 0.00308183717389138 0.0212178912672083
"665" 1573.3113869098 550507.733994164 10.3568590078503 0.00106836306766557 0.617941087768842
"666" 1926.55450243177 18819570.0488985 78.8021539626643 0.0044812666003782 -0.0218344314430157
"667" 515.543557390803 2746366.61168188 50.7001953597646 0.00121843111014593 0.559016868967199
"668" 1744.50835646037 3610396.0333392 42.7494259872474 0.0021732758409252 0.55458499373738
"669" 1446.33459257893 13311153.3584073 77.6693896423094 0.00348107370616751 0.172140558480708
"670" 514.367170211161 12474396.2581037 50.697234949097 0.00131657551195024 0.629415668172378
"671" 304.439115053974 10563444.1061178 29.8708666628227 0.0014892990164466 0.362403808637743
"672" 1112.37119648186 3366736.55326013 79.5957228452899 0.00170865119769786 0.572509199433421
"673" 3.16764879436232 18670918.8915789 31.5072353938594 0.00396935577761314 -0.322507169567529
"674" 48.8394083352759 6028271.38477005 17.5373916127719 0.00356137756417883 -0.167469857737618
"675" 1366.92348717712 3377009.46091209 50.4222901707981 0.00184701013341595 0.60257208184499
"676" 406.985388642875 19638860.5753891 89.8690372712445 0.0016121814634301 0.447429741061857
"677" 1813.24370454974 9547939.30875603 59.6523104500957 0.00360241343694223 0.191558821892485
"678" 463.253095686203 15582074.2825279 60.3562813915778 0.00137071077359377 0.565219739965177
"679" 1880.53847337374 2637034.57221854 71.704997187946 0.00172583470252695 0.585035579689183
"680" 1773.80016247137 6905574.23993014 98.08253892418 0.00281014809453333 0.302302723498105
"681" 539.190094615798 15878561.4925204 97.5339011335745 0.00162777750606213 0.531755741625791
"682" 1238.00622852473 15823549.383902 67.9308655560017 0.00337110646754741 0.206003074464312
"683" 1853.45316872839 15194311.4807364 51.8846047429834 0.00456944185684991 0.0273498250623392
"684" 98.0475905644707 12528786.6155617 94.7917058761232 0.00373263598098401 -0.236984577723207
"685" 1034.94532822282 16213157.4741565 58.1310609942302 0.00294712020142669 0.310563320966202
"686" 1912.09105389728 17728783.4138377 19.2255666430574 0.00714721302057797 -0.183780149214743
"687" 235.065607302822 622695.308947004 75.1198918262962 0.00233769884356454 0.260469281452523
"688" 523.018883421551 17297313.3138614 58.764971925877 0.00140636718023489 0.61180607017251
"689" 659.207111035939 8539270.30842751 74.4463241661433 0.00161521813378546 0.583334646078043
"690" 1732.46256068489 9197988.59723378 77.9255510387011 0.00328498419708867 0.220208754188639
"691" 538.33474555728 17174132.7936994 90.4650188358501 0.00159970911615573 0.544013504556219
"692" 1321.02729198383 1188875.31701475 40.033661372494 0.00115443488578346 0.637644698162486
"693" 611.030337349279 17631147.2934438 79.1184797191527 0.00167715231927599 0.561506969490469
"694" 1565.14121854724 1502525.17755143 56.6615456442814 0.00132214349384516 0.625889078155329
"695" 1989.25185785769 251609.570835717 6.94171215384267 0.00125952957405084 0.4903243205033
"696" 1805.4945958145 16071286.4768459 2.55101101868786 0.0148496075757173 -0.642509904197011
"697" 40.3914410860743 3159650.88289231 43.010683997767 0.00327836988467887 -0.054504519111217
"698" 1618.13345141709 18096503.3251094 60.2977672438137 0.00432567965289527 0.0420396516014805
"699" 798.306698368164 2353917.40065534 59.1770915263332 0.00131962763835339 0.621844101897347
"700" 412.730903737014 18121944.9854223 91.2613247032277 0.00160976932503567 0.452131167118436
"701" 159.591387611115 3592554.15054504 3.13592180958949 0.0028646165191235 0.0459087757531961
"702" 1898.44681250537 16872622.558428 7.87180701759644 0.0104475950892835 -0.39919524591862
"703" 1439.25327454275 2801142.98574626 47.9393178648315 0.00169490255911789 0.639827527971398
"704" 691.432413473027 8512904.89188395 89.7574848583899 0.00172739689549113 0.54614491396911
"705" 222.449433142552 7493018.56302191 29.4940654602833 0.00229788343508876 0.157006345028579
"706" 1768.36990906578 1497274.31291249 69.3829768039286 0.00139604570505502 0.594886942586977
"707" 1840.18499958003 17845679.5912469 77.7022369629703 0.00433832377679177 0.00607759933903818
"708" 1054.06647943053 14361394.284945 15.6971469528507 0.00436702257497406 0.216192114925445
"709" 916.304783883272 19525386.53831 65.2175199019257 0.00264302418106886 0.361006417499711
"710" 926.359119272092 6725089.31292687 73.8879758652765 0.00198820242330974 0.516399354913591
"711" 387.895219145808 6882436.03026494 78.0104871622752 0.00157885842029295 0.424459955575931
"712" 1337.89010938583 9273510.94644982 65.4939242671244 0.00297253714569893 0.304536222510056
"713" 1381.61999296071 6457262.07876578 4.80764044821262 0.00743489813540831 -0.00581599360301732
"714" 1717.25057007954 104806.143743917 45.9710034325253 0.00205051479231367 0.340503329237235
"715" 479.250575004146 16718545.8738357 32.2827940916177 0.00114593162594663 0.677765985231477
"716" 1835.61895233649 3826994.93060354 34.4990814861376 0.00246087021389945 0.5197950794544
"717" 769.268643951742 13254191.5214388 90.6727781528607 0.00203374621810501 0.478052437829351
"718" 245.960127160186 7554096.15905955 16.65088218241 0.00182594180574606 0.250025189900471
"719" 236.08592887409 11771121.3400587 69.0847738096491 0.0024440808293188 0.133226039098941
"720" 995.154441076098 11938625.4978366 71.6328940514941 0.00254115743256154 0.382481733777298
"721" 521.26462771697 18037960.4894435 5.83393744472414 0.00133463081946222 0.816433625294539
"722" 1768.58654181007 14930541.4171889 17.4650655575097 0.00679690073973766 -0.120898106690779
"723" 1128.48304506904 6121190.59935212 14.479569320567 0.00354572556819092 0.392096776655726
"724" 1345.49509633775 12917612.9287109 78.0110810284968 0.0032899333699179 0.210596252938813
"725" 53.9357987386174 7867653.49663328 35.1510858831462 0.00365354318748255 -0.204979188873603
"726" 1379.98834507447 183135.081524961 39.0812376320828 0.00173077459830899 0.37789817929603
"727" 1588.02384246117 10360297.1321205 29.2365096861031 0.00443588393916201 0.144761679674784
"728" 821.759964564815 17557693.9066872 48.6452257635538 0.00231746027083412 0.467601188502382
"729" 399.76633869065 7778909.11144204 86.1211796095595 0.00160041686994154 0.431203078174237
"730" 1014.04428969999 15433843.382122 43.8938068877906 0.00300058449645482 0.333346230184289
"731" 397.63308040495 8387528.73402555 11.489903595997 0.000854671451108277 0.636788312573128
"732" 864.785875497852 17903476.6832134 40.5057181960437 0.00256590725135978 0.430602380271127
"733" 100.604032692965 6196561.95761636 62.0400651448872 0.00352783452904396 -0.157013589994304
"734" 1968.03613710473 19730442.2356887 96.2328256200999 0.00441681360759785 -0.0362801695292119
"735" 1158.3375731667 9786571.72792591 82.0562536742073 0.0026751374110604 0.342268375884616
"736" 1753.09199005412 14560042.2910647 75.8782660446595 0.00399176671541154 0.076017318961986
"737" 50.2556461577769 17960049.2278114 82.7654022744391 0.00389416632809141 -0.292649827705868
"738" 1183.09968655091 7856230.66602275 28.6521467531566 0.00313866026700754 0.378882662965737
"739" 1731.4028526959 9340242.7431196 61.4408262365032 0.00347069597756218 0.213194576147654
"740" 662.128952668048 17510702.3375342 16.8911204312462 0.00189308439868071 0.659798167668972
"741" 746.265193414176 19677676.4441282 47.7957747241016 0.00206422327952033 0.527027788241029
"742" 1199.6485645466 11716334.6429355 2.58179313060828 0.00962637320657798 -0.211006339761485
"743" 692.997617723653 16169846.9187366 33.4567769782152 0.00182481412607906 0.620611022054657
"744" 1126.65703193215 170449.733408168 2.50746855093166 0.00160425949627541 0.453028602289269
"745" 1690.42533568549 14445411.0983992 25.671508675674 0.00552719527038604 -0.0113064024250651
"746" 915.925923723262 13691522.5102566 81.8370173231233 0.0024177233601497 0.39572747280224
"747" 446.277955038473 15970869.7933005 95.0382138807327 0.00159129603458188 0.482413205656945
"748" 416.86299200356 18022508.6310646 40.97149438411 0.00122996628056172 0.562443217828638
"749" 1497.38526225067 16585112.9531395 7.3658465964254 0.00912585229222291 -0.26779199880934
"750" 1498.62906069169 9090451.22710522 87.4119656600524 0.00301462987600584 0.263424618102821
"751" 1211.60801543109 6281713.30674086 26.1688254436012 0.00296677364156124 0.430987656822231
"752" 1888.51049999916 7590761.93573419 52.5767821015324 0.00337295697029744 0.259750803734725
"753" 1893.00590125355 3897318.81814077 83.7218175316229 0.0021298246746063 0.482577954973365
"754" 521.801556224003 567285.354831256 88.5110470426735 0.00178936864933771 0.366699762038944
"755" 240.614033458987 9160761.98378578 90.6915999595076 0.0024818388636035 0.134958712046457
"756" 673.997880975716 8702562.02344317 3.93690968654118 0.00271168360460751 0.585770016710604
"757" 129.382972848136 1254693.05964652 29.6639461668674 0.00291744580852953 0.0936168911965037
"758" 52.8877636953257 11749978.1958759 84.1668728734367 0.00374728088528639 -0.242213787155531
"759" 476.576462787809 4942544.33196038 44.8235849260818 0.00119218167209221 0.584765748678083
"760" 1988.04309687088 7894603.50966547 22.6229358429555 0.00488859520129087 0.125536855314959
"761" 795.730253520887 12167027.0660892 73.6136087488849 0.00203941676456923 0.496675475911723
"762" 877.0089255122 9577364.59483858 98.366527000675 0.00214202636334104 0.449383239922012
"763" 572.944060980808 10159572.8336135 29.7425157697871 0.00127052152937654 0.731910915800845
"764" 1396.16957508167 10935583.806294 12.1072578213643 0.00612914263222731 0.0213695801407102
"765" 458.46440980956 6077948.28824699 1.47896809037775 0.00124666636525132 0.75765064159513
"766" 1743.55745121627 17779514.0060131 69.310867881868 0.00433080548883243 0.0225142281790613
"767" 1762.33182192035 7683004.54053096 62.6704170743469 0.00316130758610112 0.277192187135361
"768" 1658.64184819232 8953827.31826976 69.6673226431012 0.00325003644810593 0.241566928323322
"769" 345.193722551921 16672767.5791597 31.4538523203228 0.00129109919144655 0.453482343902592
"770" 1179.6262754288 5823630.676209 28.6382505279034 0.00268698672010384 0.477763039881653
"771" 404.271620060317 7501048.67031332 7.55970606929623 0.000818758997264775 0.66983656491601
"772" 1670.7722798055 3378172.76492715 87.1525584680494 0.00192820255795967 0.523248261030151
"773" 1382.93066416238 10091517.7764837 67.5354436601046 0.00312636586419673 0.266910030584135
"774" 1830.2399086277 3188034.89296697 87.0402703147847 0.00190641161682709 0.52853581442666
"775" 988.916310452856 10739399.0543671 82.4562222978566 0.00243281119271983 0.39533584535311
"776" 249.757745040348 13415213.4237811 33.1754890060984 0.0020343055339811 0.211776147077987
"777" 529.466169680934 5276856.90671206 2.10813947906718 0.00157089217563471 0.773170284634134
"778" 1862.23289245064 16413665.8316944 39.9644865607843 0.00511733262190686 -0.0223126152408626
"779" 729.815887786215 16132617.2194909 19.7852602016646 0.00220363428017197 0.579833281502918
"780" 1103.34500884381 12402146.689198 84.1780269276351 0.00278123648329671 0.311457190740526
"781" 159.765334515367 16820978.5469808 48.7998806152027 0.00330622807391295 -0.0997835651633763
"782" 1583.09976670449 3293245.33536565 22.018805997679 0.00249319881776768 0.569731003539356
"783" 1193.96900019934 1613674.58039895 92.6441328418441 0.00149758839299607 0.544036588754653
"784" 1978.44776051003 2221561.20094005 81.8847032547928 0.00163047619647084 0.580759388830409
"785" 438.201229350874 11037070.5944253 14.124288484687 0.000902314652601532 0.708456211248869
"786" 100.806792411255 19679019.6696064 1.29545114212669 0.0038680123083489 -0.285416513514458
"787" 1041.22641696176 159169.238689356 23.1083798964974 0.00162381279572355 0.396020851437497
"788" 1246.97328487365 7475652.01816615 57.9239005683921 0.00263632152716835 0.396149761716748
"789" 1569.09219463845 13258561.7059143 75.2118632039055 0.00366156040968464 0.141132671199092
"790" 517.990740189096 12582051.1665428 54.9384004820604 0.001350640197541 0.618375399014865
"791" 1776.70786764496 11069987.9424181 41.0599762790371 0.00427148149026564 0.121060081510743
"792" 799.212853597011 3416171.99538741 62.3394874504302 0.0014477502340538 0.628082456727235
"793" 1949.32862799102 6177452.95178611 86.0742654688656 0.00276108489365509 0.329316292084448
"794" 1820.49656974105 13324560.2874085 21.4434087988921 0.00605759333630287 -0.0528067501517548
"795" 1379.13500666688 19282949.1175013 53.1236498646904 0.0040887534490456 0.099008165241791
"796" 994.230376625666 8339941.00822601 6.44532304257154 0.00495236584149097 0.238358060817985
"797" 597.520844476996 14353422.9329089 70.2867008403409 0.00158031062290631 0.589181122622923
"798" 965.571244271239 14233536.5388077 69.8847900039982 0.0025925527411311 0.370229959506692
"799" 450.141281642718 13493171.421811 26.1935922512785 0.00104910316980219 0.666200985185011
"800" 1019.03682951722 929953.263979405 69.7287873590831 0.00137839742473683 0.501625901561215
"801" 1005.97065026849 16322841.1138523 48.0839811316691 0.00295958837079559 0.329879622623552
"802" 603.581140472088 7831483.69938135 78.4265141922515 0.00153229848111557 0.579500695906837
"803" 1571.69368465641 9788177.46397108 17.754995085299 0.00536320909046577 0.0791620923503045
"804" 764.350882197497 11324344.5392931 75.7442087435629 0.00193321015445538 0.519293038494003
"805" 1820.66886251257 16424535.6975589 26.3639522874728 0.00594236109110202 -0.0766674880189377
"806" 1604.46649665106 5801557.29376711 88.9025645977817 0.00250946688284703 0.382925123278293
"807" 625.421994940611 2380199.95009527 9.4794326373376 0.00111570189387026 0.793961587598102
"808" 1106.81506888103 9428012.53055222 71.0942537004594 0.00258213903070725 0.378875268098642
"809" 810.821604139404 958337.436220609 98.0331993917935 0.00157865812742149 0.447896750346066
"810" 635.783814243041 18903483.7244311 34.6454919837415 0.00161941243574616 0.66128741518016
"811" 337.963838356081 7641100.33970792 82.409352459712 0.00177419568527705 0.343898230332514
"812" 808.225246866466 17307119.0567687 55.4356770273298 0.00223561597061231 0.473403543017028
"813" 1197.00499234931 13214121.0396541 2.65161899616942 0.00979325734701473 -0.23420364652673
"814" 1547.80536572589 1556321.4818947 71.8146526818164 0.00140744201302646 0.590250116153441
"815" 1717.6390301669 16552603.17137 51.1043370668776 0.0045493251177213 0.0302848216948557
"816" 1324.35094544943 11266127.570346 26.7773639226798 0.00416072923220285 0.196045623644155
"817" 1799.18552924017 6733494.68749948 36.7816317102406 0.00347569317528458 0.293818548046699
"818" 593.167190389941 15852545.4244111 35.7240626921412 0.00143103498675787 0.692809724103397
"819" 1486.64734231355 9467557.08770361 18.2906441614032 0.00501517549851505 0.124748601248716
"820" 1758.9186954191 11236746.3981966 95.4316673097201 0.0034936592031051 0.150359533874546
"821" 1030.9635998772 3779993.49709135 19.8161745988764 0.0021111191714745 0.645887686749628
"822" 1624.65912792971 15277853.1323187 13.7611476343591 0.00723632869570963 -0.14080530307865
"823" 1899.55097356625 14617303.8905719 83.8365486869588 0.00405708241569525 0.0515140158331662
"824" 1213.61685398547 14032709.8622452 67.2568280398846 0.00320555485513843 0.243131971222461
"825" 990.726417106809 16328661.9197577 34.6864427984692 0.00313713396355466 0.332299272855169
"826" 1248.10966196144 11941663.0161926 63.9512489505578 0.00313449276963793 0.267477024372226
"827" 1796.83307649195 2353881.9556823 66.5845873125363 0.00161609013893891 0.610140091222938
"828" 1368.74679245125 19267266.1625315 80.5120954669546 0.0037312886396333 0.111401786284037
"829" 937.624122508103 7671752.52225716 7.13653277535923 0.00420669281951533 0.33568809015398
"830" 828.746907207416 7253214.91220966 50.5375673170201 0.00185226232470074 0.585268647090019
"831" 999.054058533395 14217692.140094 68.749508413719 0.00268726824179207 0.350748162096648
"832" 755.866912195459 3983341.72440227 46.5321654984728 0.00140520141923667 0.673640197130787
"833" 103.393931873608 7106952.57927291 64.4619837435894 0.00357177402714778 -0.17442814267155
"834" 1155.62104505883 11837087.3029111 33.3724715551361 0.00344106669318024 0.289437243241928
"835" 1331.24322273652 5082436.87427603 79.7426131565589 0.00219716103341968 0.467202035457491
"836" 1876.20902668615 4805771.64690476 71.8676277662162 0.00242198922900779 0.430053893409927
"837" 527.808147360338 2661511.60106529 99.9942516405135 0.00155260126830302 0.474961105427511
"838" 947.658432372147 11169855.4234812 67.1068865230773 0.00238860199875662 0.425373538575433
"839" 856.930404259125 9917461.33049019 40.5717172848526 0.00217383659130843 0.530342004003812
"840" 1940.61801806744 3181564.72588889 98.9038413639646 0.00193847051761762 0.509057335749008
"841" 880.123086371459 19800615.9570068 46.8615667074919 0.00262067922486929 0.401214655071985
"842" 189.91716388287 16299306.5691553 17.0926895849407 0.00267317837454392 0.0505647409836255
"843" 1212.12716131308 2484824.50793963 21.0700676438864 0.00176093768121568 0.720716660732822
"844" 713.093493407592 4488245.87624986 89.2838855362497 0.00157796888861669 0.56575393542601
"845" 673.538824234623 16899949.5669734 23.5854250672273 0.0018244183696433 0.651184823324432
"846" 1622.55976354051 267848.289082758 92.9854425161611 0.00197101228225208 0.336958240464986
"847" 1388.09307093802 6350383.02603643 50.5667022592388 0.00267488562825885 0.409623484734117
"848" 634.005831926595 10441357.9506567 2.43941130675375 0.00272713846778158 0.593338728325564
"849" 797.504028829513 8772595.39193474 50.4217042108066 0.00188259687701453 0.575518094624085
"850" 671.288917011116 4258996.2418424 60.4629290835001 0.00139088184127112 0.627603474741159
"851" 1364.35062007839 19675899.0895469 13.2146437652409 0.00683162530022697 -0.100049003217132
"852" 1441.85646104743 19088848.7014221 57.7542690578848 0.00412523970200747 0.0814953120636667
"853" 1852.35874582711 2285481.34481534 17.1072072214447 0.00222431449901913 0.658211608567635
"854" 1938.02046417794 17074128.1753406 63.2400056833867 0.00458609717240741 -0.00723463736430707
"855" 876.409985179314 9478149.70437903 55.3769820965827 0.0021266612595747 0.508897657463811
"856" 288.284712343011 9480293.54608152 30.2797661225777 0.0016156826148174 0.322923625127403
"857" 22.8900404823944 14394592.3802909 26.5439640788827 0.00388584375709166 -0.293156788816866
"858" 79.3292402257212 14039911.3819003 1.28800582443364 0.00389116911536366 -0.295523088358371
"859" 589.568594372133 13389040.5174578 37.3633391871117 0.00139667795131548 0.692324871622552
"860" 1250.60263919644 13107761.0912966 96.643155900063 0.0030735736016737 0.232672366229562
"861" 1705.10778040998 18412664.3948024 23.0880473544821 0.00625926038211577 -0.103065253584376
"862" 1505.06952237361 9770199.2778806 46.3474305758718 0.00355231353840152 0.233884366321372
"863" 1666.27744404669 14752316.2392667 87.5077867493965 0.00381795282470236 0.0908133319547637
"864" 1884.58489767113 11389260.9788105 43.7813035375439 0.00434583039236873 0.0985027045338083
"865" 151.046901670285 11050252.9273974 48.5229599478189 0.00336336352704973 -0.110253880286358
"866" 1617.35068173753 4824600.84131453 54.3969499387313 0.00241999852249684 0.463523060757198
"867" 1222.86882981099 11343108.3203526 7.69801500905305 0.00666147935807144 0.00316224221132611
"868" 618.416208030656 3991486.87263951 44.0313731259666 0.00123054117884277 0.665706082880174
"869" 768.893936809851 4042421.03016004 16.164640360279 0.00163022508856446 0.750906914127739
"870" 1530.86381272273 4875041.33607727 1.24533543922007 0.0109071864121023 -0.219339453642076
"871" 1904.76113376697 14757722.0424544 10.4990087389015 0.00890435744640001 -0.281158052956477
"872" 1442.33175239852 8304003.81803047 59.5304153512698 0.00301664434858192 0.310270903345403
"873" 442.290835635038 3930452.58896891 29.3515879088081 0.00103840064107052 0.584652347577546
"874" 1751.14352082857 3609086.68213524 13.870051183505 0.00359138415589231 0.421214027332878
"875" 32.7550698278937 8167286.46883275 79.126201109495 0.00361925855414265 -0.19446842644935
"876" 1199.84931035596 8963825.30266419 35.6805113961454 0.00313095022690205 0.349101799880165
"877" 1202.86067063571 5610398.05985056 53.8268921882845 0.00226745229379925 0.493018894482976
"878" 851.715242564213 7473270.50981112 82.9567395446356 0.00193774667947474 0.514655957192329
"879" 1156.62812565593 1170622.77756631 23.1228050785139 0.00107119791434424 0.704011664957511
"880" 1554.43288962054 16465123.49525 33.2076524032746 0.00493735383282145 0.0317846419722144
"881" 1499.63338176347 18108807.1138831 25.5466675264761 0.00547686643408632 -0.0124056780896653
"882" 544.300088096643 8502682.39486031 53.0234306524508 0.00132918150101412 0.631143682960127
"883" 1254.46069668513 7111210.64643376 75.5966296452098 0.00249806489825684 0.397477343882564
"884" 171.056019162759 16469805.0255887 24.7212410080247 0.00304080907404036 -0.0332603479142428
"885" 1181.54165827623 19859164.4685017 75.8273142406251 0.0033815331326318 0.186699984898653
"886" 1936.57886376255 2242744.92382538 72.108068442205 0.0016069359870908 0.600362500160788
"887" 1020.53612211696 15215780.7094045 94.4194474827964 0.00273384096793861 0.307497146850899
"888" 311.600848422619 2264317.0958152 18.3559582664166 0.00127898646548321 0.40354081761408
"889" 1699.99605506985 16873349.9448746 15.077248119982 0.00735723918433564 -0.171289311687681
"890" 1349.17344305618 11615665.433649 56.6963347627316 0.00336674939946212 0.236892140633381
"891" 221.153430849547 2500214.22409918 5.08712718286552 0.00188814295916794 0.257126851335651
"892" 702.489248712081 2258778.05659547 59.7918283285107 0.00128491556379875 0.59803782911352
"893" 457.728039158275 5994931.22226559 25.2216984394472 0.000997384932052147 0.649340539328892
"894" 1422.70875249198 534910.722658969 78.5813081290107 0.0015836404258938 0.423073488958222
"895" 1510.53409833531 16962009.1184974 74.46769041894 0.00389165014041946 0.0932740454512707
"896" 356.295371569926 18833895.9386339 13.1136420897674 0.000959419394727653 0.551658753325192
"897" 1199.67731638951 2925671.53151613 91.5950010851957 0.00169500858500479 0.558370471939261
"898" 3.65988918812945 10238177.9688178 25.6516279412899 0.00376270663369022 -0.247061676501305
"899" 1567.64159981813 4528576.7280031 27.5670337891206 0.00283542124992144 0.465642076643478
"900" 1847.03431083914 2688674.17273577 21.6523614726029 0.00226725945759992 0.623442023436952
"901" 1901.91853272589 4846328.93411908 9.53853871510364 0.00565262837032895 0.156294060686021
"902" 1411.20474196947 18364887.8191132 9.22538911947049 0.00809111259101647 -0.193472722736392
"903" 832.273881232599 12282224.544324 93.5983180119656 0.00216122736511261 0.446022491941037
"904" 261.989416185999 19789469.9261524 35.0844078958035 0.00193191507449488 0.236962804516259
"905" 1012.37414389895 3916231.115954 25.9863808613736 0.00192071396961986 0.65790716429847
"906" 944.33821516484 4892095.28407082 30.8681598959956 0.00193082736914502 0.631452425713801
"907" 1004.20310890861 8974822.89089821 63.9075034102425 0.00236110421819603 0.441203736103064
"908" 287.989745196886 3773266.12924226 74.8946928868536 0.00201175057525016 0.268726873005867
"909" 78.44509185059 14558606.477757 69.7860391838476 0.00383927543211481 -0.275066597816458
"910" 805.623712167377 12403142.6929403 95.8159698189702 0.00210636369496384 0.456944620323902
"911" 437.877558766399 6905816.00707956 60.3428045192268 0.00136214204580457 0.518316417644898
"912" 328.285367629724 14112427.7935363 76.8106748983264 0.001783518463098 0.333857952944126
"913" 1616.39686616929 11735461.4917189 95.1625431303401 0.00342769319919818 0.162858655454017
"914" 1522.75820766483 12583072.1022328 45.8937458028086 0.0039819213233137 0.149795882128383
"915" 717.724562868243 218407.54179284 93.7610049019568 0.00211460813850088 0.311139854828369
"916" 190.33652841975 10935395.1695375 39.4543598790187 0.00281847069859065 0.032531894173931
"917" 1378.8717114618 16640618.9932488 50.9217652704101 0.00396584952814805 0.130142443729206
"918" 1133.09358401503 18891893.1070482 61.0784011881333 0.00332833359146674 0.223681822265542
"919" 1361.48217286426 17994294.7058938 46.0276601924561 0.00412918918252567 0.113202859330764
"920" 1956.10949799558 9937036.55586578 31.1910172128119 0.00472071029699004 0.0940239701016716
"921" 1881.97271676152 6970980.08880857 26.2028219336644 0.00416360789523969 0.221635410467409
"922" 175.046789387008 526022.921153344 95.9562673254404 0.00257148064400123 0.223813135165062
"923" 1328.78304284858 1286168.9787358 89.4182751986664 0.00147090812939212 0.528143987162421
"924" 434.703600124456 8321379.52297926 36.5222705265041 0.00114698226807626 0.585676192097394
"925" 1322.69758625655 7958500.85292477 39.1853057262488 0.00311712052605812 0.344746552018555
"926" 1460.16458879504 9067761.81103196 86.891299005365 0.00297474321128545 0.272595662295151
"927" 160.73428767873 1986704.23666481 89.0760618629865 0.0029324197960231 0.0713811689828242
"928" 187.823663892224 11441932.9037424 73.3891251503956 0.00298325371000497 -0.00309945105348342
"929" 1070.52599702426 16699065.0432883 61.4448132584803 0.00304825570311039 0.282419771778021
"930" 209.731083938619 16082513.8597051 32.5639340120833 0.00253418899313296 0.0904326778726893
"931" 1818.09621369978 17908282.4979909 64.6376066321973 0.0045017886957295 0.00264942771274124
"932" 191.619198514614 11747058.6976968 6.56878322921693 0.00247331741410235 0.0941583944130804
"933" 165.508350258693 15863340.9948321 73.1160530422349 0.00327857898748373 -0.0893795153502761
"934" 1864.44706314639 17607657.1221463 22.4336154682096 0.00658021392556419 -0.137691761776596
"935" 469.042676615762 2391513.37852236 45.150659836363 0.00120201179898857 0.525353882171694
"936" 743.081084243022 1379177.0744836 33.0669939762447 0.00104423452188469 0.627036869916376
"937" 549.708647416439 7708274.19310808 99.0018354218919 0.00158253744519443 0.529291556574636
"938" 1720.14534006547 135533.835669048 43.0071546612307 0.00191047892209723 0.356527648241996
"939" 1166.43135261838 2811865.14568981 78.4986013318412 0.001621615335659 0.586478777200337
"940" 1117.23494945257 13107812.3359242 57.3874944995623 0.00300035432306032 0.305534069676672
"941" 842.665228712605 172617.724025622 47.6199378140736 0.00187730663498706 0.357024521559626
"942" 282.407924083527 12423572.9529988 92.9358970760368 0.00215190358947697 0.22297033810555
"943" 1712.24325709767 8193143.59519631 77.0499131819233 0.00310282746475634 0.261776536433972
"944" 1527.27990143816 3037630.39561454 59.8385650515556 0.00178112397912446 0.596029801556939
"945" 1967.59046562063 6249851.82974488 64.2292657948565 0.00291844342999944 0.330094409302422
"946" 1612.75083601032 4177975.4182091 28.776398000773 0.0026692814788404 0.496154340477699
"947" 1423.0494289014 17524292.917829 44.025108464295 0.00429665084516906 0.0916934737935954
"948" 858.849724631291 17724844.7035672 21.9601252197754 0.00295462789560861 0.413874725802767
"949" 882.262295159977 14982825.8799156 43.3033605371602 0.0025049235866469 0.440345863076829
"950" 1294.62625699746 1427725.86408537 86.2202804936096 0.00145687005251573 0.545562979595151
"951" 835.966544064926 17012317.6189605 35.5311482558027 0.00247388790626428 0.465515596987492
"952" 939.255058754236 13316327.8750377 91.0724980414379 0.0024575863915649 0.376853472118967
"953" 796.740736865439 18427937.2815508 67.5186518183909 0.00220627905485389 0.460118851786502
"954" 405.434145384235 1593983.1279451 95.1395052745938 0.00173545831332174 0.375719262503563
"955" 1348.15834079962 11116518.6110884 71.2817400603089 0.00316540154141235 0.249972373087068
"956" 644.588792113354 971881.201351061 4.25599750643596 0.00116604810955321 0.682836980833574
"957" 1067.56163012492 3161476.67430341 13.4100433394779 0.00232750414847828 0.641324876905885
"958" 1839.80754594482 16331132.0729787 71.5347249500919 0.00429232322191832 0.0270439015714702
"959" 1361.01570882928 18551590.8368863 3.16710269055329 0.0114885799733597 -0.408054397737912
"960" 1597.10234239604 15914214.1684657 22.4623177114408 0.00582058508068561 -0.0361078731295676
"961" 852.44783952157 12405768.5353095 4.70652326801792 0.00473207169753924 0.266827004708527
"962" 781.920722659444 8818484.84019283 71.6398212460335 0.0018614731519553 0.543434353050448
"963" 396.690231727436 7812659.69430096 39.4402923674788 0.00122986882337227 0.516790536304782
"964" 1355.26337800082 2587984.44243148 95.7328062122688 0.00168215641796353 0.554686265477089
"965" 1573.32142713247 5886440.49819559 74.3731523286551 0.00255020094855821 0.392537489586034
"966" 221.418438365916 3959826.26902405 55.9901091395877 0.00246294063948702 0.150781881466195
"967" 1898.85762805236 19783685.9644856 46.6014506055508 0.00519171703995087 -0.062615886229918
"968" 1639.08626140887 5085618.91545542 93.5718151067849 0.00235855973646897 0.414735996295853
"969" 1998.32450549514 16157471.063151 66.8401307321619 0.00449611526896519 0.00156221481727992
"970" 1012.52062447369 7930551.44918617 8.18377551925369 0.00451714543114965 0.281640930799582
"971" 1615.00148791936 427155.623096041 33.2488984223455 0.00123875523339984 0.472252594474507
"972" 249.069595104316 1559684.00517013 50.2036205327604 0.00213430725076712 0.254587172529245
"973" 200.764439493883 360718.5525354 37.0647081269417 0.00235624736282474 0.277571730234924
"974" 401.507258939091 8515762.3775769 35.8124081757851 0.0011801165241348 0.537979867477106
"975" 805.654591949191 5255481.01647291 51.5294600878842 0.00162207500616705 0.633112025120894
"976" 1165.69918385521 8482214.55386374 26.2270274451002 0.00331176989468535 0.354266359171649
"977" 1919.71425818442 6994008.10399093 59.952089504106 0.0031335586354464 0.291578130737516
"978" 868.259443934774 8252805.06957788 76.8745408724062 0.00201428320466933 0.503577105958116
"979" 874.821674267529 14579616.0801081 91.9486613282934 0.00234544904514419 0.401399567465834
"980" 1469.02903259755 17649724.8100117 47.9597869333811 0.00429558894857046 0.0797407156217644
"981" 606.989740216173 7016211.15943417 42.7823320860043 0.00133139374393424 0.680874995665502
"982" 1249.96979658934 13184361.6163591 23.5920707031619 0.00438937086650526 0.169475456364987
"983" 724.198881677818 4290947.20233697 21.115556957433 0.00143090311575922 0.763212378220566
"984" 1456.10162735917 7686851.10313818 18.9427832870279 0.00441045633474256 0.218609522432964
"985" 72.2131416518241 6604187.83503119 92.4684856813401 0.00352145755080005 -0.157833148487689
"986" 1646.26250125165 12078438.4349128 13.1324822905008 0.00691878486175778 -0.0867233317429563
"987" 190.312410847982 12876804.4964876 18.1116995958146 0.00266361824261389 0.057202213053005
"988" 1748.28243762348 14892583.1963308 69.8382258811034 0.00408784239287771 0.0687493826041206
"989" 597.14290307276 7969205.5081483 87.2705080583692 0.00156977144267637 0.560858362179171
"990" 1896.88181537041 16082706.0038922 20.2563223615289 0.00675676688465653 -0.140615373726695
"991" 1374.78278051433 4173237.09251359 41.3310972310137 0.00218458849405983 0.551186179493468
"992" 508.539363177028 9902364.41297457 32.9662975089159 0.00115087621596664 0.68979613404313
"993" 458.131647080183 17382214.5419428 48.0816302383319 0.00127726708746792 0.59546953857988
"994" 1201.09840211482 5824922.78215941 5.56011933879927 0.00582975104145797 0.164099293013734
"995" 1108.44900341728 14617844.0812277 99.551114723552 0.00289523591849983 0.266844452952581
"996" 58.4935999861918 4472266.16113912 44.4766643177718 0.00341893331359684 -0.111857795014596
"997" 1315.17051668256 4489874.87161066 53.8820832991041 0.00211942311855718 0.531306333162178
"998" 624.048676137812 16997273.118305 84.3138681554701 0.00172154315756415 0.547946908643213
"999" 1577.07407438429 4954056.15030322 99.569286029553 0.00229952389787404 0.422679989136979
"1000" 1642.31878537894 18788398.011378 67.6417395824101 0.004290821033509 0.0314755712914871
