"cW" "cG" "cQ" "SS" "KGE"
"1" 231.459279265255 14902240.0796181 56.4145826511085 0.00158198701461282 0.45381699287082
"2" 265.969952498563 8074709.38859042 79.775700038299 0.00170016183132385 0.422253062362502
"3" 207.082954375073 235787.180438638 97.9598895064555 0.00264906173095876 0.186588702786588
"4" 296.568872849457 1258533.68232492 3.29390384722501 0.000983498254480514 0.474497422715583
"5" 237.345109763555 15559787.7483815 74.474148910027 0.00168631713965535 0.439547704574513
"6" 297.066498547792 1285041.64326005 92.4355048767757 0.00200509143966043 0.306197061525174
"7" 216.211172728799 16910576.4007894 38.8820828520693 0.00145620435518738 0.473838718082202
"8" 268.539164285176 12241151.3636354 76.4181706088129 0.00160841724036707 0.465281916488306
"9" 281.083485833369 5282725.76951422 38.8594943836797 0.00133952977045912 0.481126519333428
"10" 227.296572830528 9009661.74562927 24.7478566518985 0.00131230288691427 0.468516895516339
"11" 285.78520717565 1483637.64025271 60.794794362504 0.00179707616134388 0.341529385428772
"12" 246.395991183817 1771126.05269067 17.9137113881297 0.00139748440370646 0.389679293305246
"13" 290.41674437467 17239744.3253547 57.5191380262841 0.00135058741137949 0.561359121858773
"14" 210.451398021542 14328703.761613 47.9101665108465 0.00161990383338896 0.425188340684134
"15" 282.849465101026 8229473.66859298 96.0207635851111 0.00173179616814047 0.427563235091533
"16" 287.279317202047 3520517.97427703 25.5136049166322 0.00118656912900337 0.488505359389348
"17" 255.584739288315 14265802.4869626 74.373044223059 0.00162189017156629 0.461725800709082
"18" 291.157009080052 2837319.74225957 37.047481258167 0.00138512413411347 0.443329806462998
"19" 246.032768907025 4207119.81793866 67.2393738958053 0.00181015526208333 0.358696469333988
"20" 244.305363716558 4543866.24840554 51.4982868365478 0.00167690800350678 0.384105711825625
"21" 281.585066113621 6413025.91841668 16.7490028783213 0.000944222787790033 0.569189469319911
"22" 212.897026143037 9073584.33590271 50.5300470169168 0.00172317852844304 0.381505994977582
"23" 296.679272409528 11800157.0974709 83.9248630758375 0.00157410274080823 0.490321912361249
"24" 249.577544699423 19627512.8139881 40.7791105180513 0.00129535712657124 0.548822853416535
"25" 239.547281269915 19522752.8934134 93.9780413156841 0.0017605498002943 0.438605905192189
"26" 280.436168937013 3182498.25844541 20.2874505496584 0.00113856304458963 0.484722703282852
"27" 255.334975360893 13177228.1371523 29.5083904659841 0.00118021895474366 0.548241194866329
"28" 260.074256476946 10997623.4066999 61.8159086061642 0.00154804501861518 0.465672755800442
"29" 245.868032262661 1060692.79299118 1.58048731274903 0.00127013125833939 0.404200425504395
"30" 242.446464975365 16051903.2520242 10.6196926862467 0.000841019947477488 0.615106448122832
"31" 297.266141115688 19894151.9187531 11.965835117735 0.00070383768476965 0.740076940622985
"32" 238.36594321765 18818992.4302045 37.9814947538543 0.00131594651251196 0.530937693616275
"33" 271.87140500173 16014603.3995319 17.2150021004491 0.00087604033722999 0.645819166053518
"34" 226.022574747913 6166505.47301397 93.4077459173277 0.0020094055530804 0.321733347816549
"35" 226.144137675874 15085288.9291709 71.6600825628266 0.00172461932514668 0.421050581081947
"36" 235.367946117185 3493695.06738149 75.3008936482947 0.0019509840685635 0.320308015478283
"37" 201.980549306609 15378834.243468 97.553204667056 0.00199204586878384 0.347427145350883
"38" 245.456864964217 8037731.06138688 60.7666601231322 0.0016556272377839 0.415611588523989
"39" 292.128311120905 6148806.70451093 50.1508705338929 0.00140370184562485 0.486922184756109
"40" 280.168868624605 7621330.05114738 87.9323592847213 0.00170501727537806 0.427975678400583
"41" 261.285827565007 2174719.96480599 83.1916965469718 0.00196012185565416 0.318116658618131
"42" 241.033156588674 6594230.40617257 72.030422024196 0.00179438387156306 0.376406089122033
"43" 284.013042994775 14090023.9203125 91.7704810854048 0.00163588969924282 0.477241304753789
"44" 212.553938827477 18327661.8218981 94.3885528626852 0.00189194874026309 0.387098731519279
"45" 222.3035589559 2304132.09116086 39.0517208857927 0.00180318199412252 0.32370900474581
"46" 213.228810718283 15581483.977777 42.1669294778258 0.00152627837686317 0.451341037686829
"47" 262.990401056595 8994652.54168026 74.5844885809347 0.001661693267151 0.433447925401822
"48" 245.154568273574 12493420.6778649 39.1448076181114 0.00136675132197564 0.497145480582127
"49" 245.424646791071 14801340.3251069 67.25632363162 0.00160701520306647 0.459484417939282
"50" 261.031638784334 9408014.12926521 66.303936195327 0.00160311115327385 0.446379566779393
"51" 255.38967626635 18436626.5865741 31.110814708285 0.0011555509826738 0.579764229864509
"52" 231.248946255073 19583385.1754898 12.4923576612491 0.000908594191329118 0.60755520144331
"53" 263.600303349085 5389445.44959813 89.4021236232948 0.0018295222134622 0.376409106712718
"54" 235.783856012858 1498556.83713686 42.5119545962662 0.00184914658587572 0.313299904927783
"55" 289.196511078626 6132602.42580436 51.4541212057229 0.00142721209573032 0.479798243902754
"56" 273.175376397558 6962488.21923509 80.0634451876394 0.00169514427678794 0.421061927851289
"57" 214.171674428508 14788190.3744768 54.4621886464301 0.00165477053389964 0.423859936686109
"58" 245.765428594314 18543949.8041989 16.0514000018593 0.000928701761400237 0.616295669777765
"59" 256.73862141557 11075304.2528406 66.4533022630494 0.0015976539661524 0.453169361796901
"60" 255.182690289803 1766120.8657315 88.5838630306534 0.00205660728878634 0.293270541612354
"61" 295.689807576127 13829067.4277581 74.0696926594246 0.00149315956168283 0.517674600291905
"62" 216.846235049888 3846729.38962467 48.7919235362206 0.00184275294929082 0.328789529376895
"63" 267.91785042733 15028564.1379887 16.0714732748456 0.000871745043348604 0.635894699967789
"64" 286.196131398901 1382570.40476892 15.3366483969148 0.00122142594597387 0.425280675733566
"65" 287.366013741121 231044.124113396 18.0257600725163 0.0020275530639732 0.279959289469962
"66" 295.903070922941 16221740.7824937 28.9198782604653 0.00101741060116506 0.642983823559985
"67" 201.758239604533 7524599.21853151 15.1620152161922 0.00133067077303709 0.426566798229251
"68" 259.790411219001 14024375.1366856 13.745041975053 0.000858356221929486 0.621874677724611
"69" 262.322448333725 6615087.33103983 40.7370080444962 0.00140773724837599 0.465633193014771
"70" 294.620613055304 4784657.03013353 63.1486334735528 0.00155029084106548 0.445529984691744
"71" 203.939954587258 8326046.97726201 37.4369928666856 0.00165727612095093 0.380178142002958
"72" 268.895817431621 3219497.71826621 98.2635384872556 0.00193934652863987 0.33854621858009
"73" 203.73504573945 2513377.0275861 83.7000206082594 0.00222912349446997 0.245791118141038
"74" 289.506644010544 18282835.1946315 47.0795358489268 0.0012463667594112 0.589944833726954
"75" 202.869482128881 12082094.0950653 10.6418564771302 0.00110978287353012 0.495024787824139
"76" 277.504107588902 9014750.42055827 44.6080459707882 0.00134288679775306 0.510181318520253
"77" 257.311904779635 13470074.9074807 62.7726128671784 0.00153672514363402 0.477914062597179
"78" 239.919810206629 3387268.71877443 72.6224814532325 0.00191527059620617 0.328455944604938
"79" 277.553604589775 12610372.8907648 43.3600396327674 0.00128340435808235 0.544713247441387
"80" 212.7246449003 7347455.64511977 80.3431147106458 0.00198060088839385 0.323899553534139
"81" 205.216684797779 7208478.93604077 67.818270880729 0.00194937110038797 0.322927176438795
"82" 259.475245000795 8908524.55613203 70.2307875887491 0.00164730071328426 0.433320706991534
"83" 273.784105782397 18847330.9409805 38.5313784787431 0.0011888981117289 0.591861702936307
"84" 209.693058696575 10874690.2275831 65.4715222520754 0.00182805510573513 0.368300367350627
"85" 275.549947051331 10090792.4657688 21.5502749378793 0.00100229946136608 0.585586810056307
"86" 284.372257720679 17937297.335919 54.6175733837299 0.00133536183050366 0.562898539116415
"87" 221.861623297445 1601100.96966382 27.0326387840323 0.00172732543956525 0.32532142733817
"88" 275.871502654627 7747351.74768139 71.2479637921788 0.00160915981851452 0.445915021748439
"89" 285.357644432224 11744005.1850863 96.3776889168657 0.00168019633506013 0.458189135256017
"90" 280.68815744482 4729729.07668445 48.9052059152164 0.00147337047167699 0.449649625650424
"91" 261.486451420933 18700792.7395869 50.9120627355296 0.00136591595459949 0.53993228624653
"92" 212.403963808902 7974786.54850274 92.5142763536423 0.00203412564817346 0.316422078281916
"93" 281.368919089437 18118976.6287804 93.2656528668012 0.00162248569400498 0.492716452507729
"94" 269.468577834778 2194033.70821383 46.7732182042673 0.00164296977400468 0.374673306131587
"95" 207.923780684359 13737559.4652025 81.3966665109619 0.00189595613376292 0.365880819604974
"96" 285.129036009312 15705197.1640671 41.1121279629879 0.00120818742451499 0.584210197271123
"97" 296.645972877741 12485730.2399818 38.6830350712407 0.0011739709174068 0.586304576728716
"98" 270.187077019364 10958907.4927848 20.2841469210107 0.000987217260698422 0.588896349034921
"99" 290.645790635608 16779412.7553003 79.3135366286151 0.00152054975296472 0.518980981440028
"100" 223.617434035987 7552847.19404299 23.5209749310743 0.00134770019303394 0.447888540965896
"101" 232.154656923376 1203871.2835405 54.2769770680461 0.00202229467651579 0.282112075826604
"102" 268.370647775009 5948778.09120808 85.0519536733627 0.00176888105610575 0.395719093611822
"103" 267.336550331675 16008108.6665392 69.7117775543593 0.00152826354288771 0.498040536127963
"104" 297.48239708133 10619356.2622182 96.1676609036513 0.00165656479297624 0.466007778566321
"105" 264.535146160051 6855112.39015032 97.3162705770228 0.00183298295833524 0.386396446180309
"106" 222.109955619089 14452605.2139932 28.1127605426591 0.00130772964058842 0.496638348746341
"107" 275.738772400655 5448678.60970553 61.5291398877744 0.00158730374489591 0.432087741613892
"108" 258.139535761438 17922593.4730377 71.9885810555425 0.00156195144991198 0.490819401586384
"109" 201.754793897271 6807978.54533885 48.0591484233737 0.00182582185142876 0.339647746762709
"110" 244.087786483578 7339812.2679675 19.5405781213194 0.00115540852652803 0.50026249811703
"111" 294.850674760528 4523433.69484879 44.2083246530965 0.00137591203945207 0.475769858778492
"112" 258.17763954401 15537815.9655957 71.5463672312908 0.00157911689134994 0.478107497587046
"113" 200.680403597653 2248737.47336678 14.3882216361817 0.00158813737995841 0.33919070666699
"114" 236.692947614938 5759683.87678731 80.9959345327225 0.00189609582618587 0.348435964104568
"115" 203.574491618201 16019774.5152982 79.7716119871475 0.00187815082864977 0.374838329087628
"116" 229.019556310959 4740786.85650602 94.1370856002904 0.00204001042695662 0.309266130960645
"117" 205.133798741736 16160544.6149129 29.0418004663661 0.0013950755343948 0.471092448501945
"118" 282.165308040567 19593286.5781244 43.2070508289617 0.00121573438139228 0.596133152633468
"119" 222.237149067223 7858849.54913054 67.5326630182099 0.00183328547871467 0.362204084336264
"120" 225.36765888799 5673513.71403784 64.5302651512902 0.00185147692416154 0.347764223755397
"121" 230.996065004729 16713080.3006934 71.3030107468367 0.00168103737255976 0.44026033185813
"122" 276.443260698579 4945395.68312466 31.8157612509094 0.00127391822110646 0.485377822481157
"123" 254.527520434931 15335685.1364253 93.1021914659068 0.00173254347627663 0.440675602550131
"124" 249.331319448538 17273945.1844711 75.1585659694392 0.0016235260271808 0.468407073285615
"125" 297.129547665827 11500933.0305271 31.6101289403159 0.00108728276057851 0.600765438285225
"126" 238.467019447125 10511746.0051784 55.689707729267 0.0016021111591206 0.434627369829388
"127" 289.891566848382 5389589.32838868 43.6425833124667 0.00136034443111294 0.485554610886886
"128" 232.284217886627 12253784.0910256 95.9558005121071 0.00187820226604072 0.38193438613695
"129" 222.189642232843 12709435.8728733 82.5570873315446 0.00184499719511544 0.383369042675314
"130" 240.916525060311 11706866.4242048 76.2277282178402 0.00172886439220752 0.417071139962784
"131" 247.23767216783 19142915.379093 3.11835248349234 0.000660287579677259 0.675818188129171
"132" 293.905308702961 10458080.7684688 4.20601950562559 0.000586909180981609 0.699664723226905
"133" 288.263869378716 10523841.6694105 68.8450349902268 0.00150771765404756 0.493318716113079
"134" 248.111178004183 12188366.3669229 12.1841724175029 0.00089008420549977 0.589033115713349
"135" 288.801570283249 2635062.67338526 46.4982153163292 0.0015212674228528 0.414659575933542
"136" 286.128820152953 2787295.58461346 21.707215243252 0.00116839208138644 0.475520667402121
"137" 224.520972138271 17304270.0686026 85.4858084225561 0.0017967284732987 0.41290889439949
"138" 262.188088032417 18729741.1216656 47.6434610155411 0.00133021959677781 0.548640142470479
"139" 228.267793916166 2168822.48655893 1.29818976344541 0.0011399982818047 0.433720528699828
"140" 278.425595141016 16673166.5320229 77.1663161476608 0.00154029397279702 0.505651449102354
"141" 237.76028463617 15712979.2353138 81.9039682713337 0.00173145573031237 0.430778774255657
"142" 276.106063858606 14628811.4045514 5.61281157378107 0.000624239607300933 0.695119674323381
"143" 248.846320388839 2700010.60101204 20.72429535212 0.00134056466825416 0.418390568985362
"144" 270.112493494526 11639644.713141 52.7584177127574 0.00141856817715731 0.504038389173871
"145" 278.505190974101 6191064.34036512 62.5243364947382 0.00156498728195272 0.445055074071646
"146" 205.698538897559 7416049.47973974 26.1530570783652 0.00151446660594425 0.400366544752373
"147" 271.091923932545 13041109.9979654 4.94731995486654 0.000631278658063056 0.675577039155882
"148" 249.113483936526 1893035.10375321 77.1013671813998 0.0020040024165763 0.301368629845784
"149" 232.026308379136 8431009.67551582 5.98340514092706 0.000874791212892069 0.542856548156328
"150" 284.226797404699 17828768.3776114 48.3733731741086 0.00127576536002171 0.57657007831428
"151" 261.469393945299 8980874.81656112 9.10157969873399 0.000798338899518599 0.597609906523242
"152" 214.862854289822 2806802.85294075 76.1071974853985 0.00210588994150926 0.275216593004165
"153" 248.269941424951 11138616.5223783 60.1484251022339 0.00158373507034792 0.449643667480671
"154" 272.130371839739 2356199.20438621 22.9251992511563 0.00128902034302756 0.435743808899148
"155" 274.20273157768 17734818.0247471 91.2857752155978 0.00163444091949653 0.484192370787586
"156" 287.592951254919 17167650.3529307 46.6556954581756 0.00125320558577729 0.582122552614749
"157" 244.352585915476 11451207.6392537 33.8549962735269 0.00131668365911108 0.500388980127009
"158" 203.974827937782 16068272.4819053 26.5316949004773 0.00136411267367629 0.475192230764306
"159" 205.231673712842 17110209.2304267 5.96014768560417 0.000907425030400319 0.562023016179992
"160" 231.03220728226 16544222.6824118 86.6292075675447 0.00178155708556295 0.418180731293797
"161" 293.525661132298 5283982.07835853 26.3672366922256 0.00111143426659218 0.535467765350032
"162" 249.964748555794 9022040.62214587 66.1012053329032 0.00165704828495099 0.424773071334507
"163" 287.150747631676 4375171.07930034 29.167162043741 0.00121000232746832 0.4984576282635
"164" 272.348583559506 16675635.8558778 71.7649908380117 0.00152118392528723 0.505837333018897
"165" 257.365172030404 19730994.1903688 89.5780637753196 0.00166586788912182 0.472444687679779
"166" 247.248525242321 9297587.79460099 74.9515186971985 0.00172817978973437 0.410017566960014
"167" 220.167039777152 10431349.0733039 71.5710322030354 0.0018213877824653 0.376275688730957
"168" 225.621273950674 15517068.9618448 74.3389752169605 0.00174036497435474 0.419065580890315
"169" 298.790516983718 16269906.8914866 99.2924656076357 0.00162483918485067 0.496436119268494
"170" 224.943195772357 16207066.2254235 3.29369201557711 0.000762088604696967 0.609947650608243
"171" 212.724781571887 16261230.2447204 29.05463854759 0.00135123691916648 0.487767030121443
"172" 299.586405465379 9861096.91506717 48.7050499252509 0.00130516172322718 0.542939866560716
"173" 260.365611035377 18767238.3447411 38.916787906317 0.00123832216213159 0.567730688600935
"174" 240.266286279075 9038636.55158784 56.9927530465648 0.00163020826102079 0.422391773122291
"175" 268.1619935669 1308514.67123721 21.6528853813652 0.0014368806274903 0.382412083721982
"176" 207.982511678711 15296686.3855254 56.7156053804792 0.0017005518800863 0.41151142597563
"177" 200.300752650946 6249655.01052793 73.9302363251336 0.00204450650389315 0.296242856199468
"178" 275.206944090314 14782211.5905583 64.1968962594401 0.00146997380949957 0.512188207344643
"179" 297.806815057993 1639266.39766432 87.4570844641421 0.0019139509070603 0.330487076992536
"180" 293.502484960482 16964470.7093248 32.4562423059251 0.00106981895139097 0.631398714117655
"181" 232.903223391622 9839419.14022435 38.6959929906297 0.00146563363636265 0.45158403244729
"182" 236.907207034528 10962916.3146019 1.93422841606662 0.000755956942856648 0.597139046524697
"183" 278.580591501668 18082133.3214408 17.9936364369933 0.000861158431921089 0.668793591785415
"184" 239.264907222241 951647.033076733 44.7367609192152 0.00196178243827045 0.289556381900368
"185" 224.274134892039 10145956.2649718 70.5394532685168 0.00179738578862538 0.382892403289335
"186" 270.809040567838 16787068.2949433 60.3409600164741 0.00143587450909843 0.524632207879273
"187" 283.028891333379 2087970.85823026 12.4611647711135 0.00105518825300877 0.473763873916149
"188" 272.563294507563 8691690.6563798 12.1636414129753 0.000833858181651599 0.602524385623494
"189" 295.529099856503 13780088.9338832 17.0348697102163 0.000826429518045565 0.673388387137495
"190" 262.481831479818 19673256.0575241 65.2780925508123 0.00148316874986631 0.518029663736767
"191" 292.969683813863 13404989.9908248 73.646087334957 0.00150051683241951 0.512243828255333
"192" 237.858668714762 509577.259863727 96.7635482158512 0.00242797754922842 0.215241960723707
"193" 236.782008968294 10613194.3876389 17.3751752702519 0.00108697684091666 0.529829049265399
"194" 240.505757112987 2786882.67152756 91.3117299631704 0.00205379680891828 0.29860441944498
"195" 234.84413260594 3554117.15845112 82.4289671943989 0.00199351676617027 0.312916121875969
"196" 231.435121409595 1321641.60348475 30.2641651711892 0.00175879097120155 0.321286316382179
"197" 295.862418413162 11017045.9453249 92.1997452192008 0.00163403629223396 0.472156321024395
"198" 201.992598618381 3523430.02669513 43.5667917006649 0.00190655249360531 0.304212067592111
"199" 254.543170309626 283457.166375592 82.4131053374149 0.00248197404576243 0.209978825901953
"200" 230.101820966229 3969993.84718947 70.8232966586947 0.00192937323352817 0.324681702694863
"201" 258.268282888457 16894057.3151223 23.3685186568182 0.00103224867651785 0.601676056101931
"202" 299.928569188341 14285373.4913748 43.4723068564199 0.00120887794655548 0.590613259248423
"203" 227.54219067283 12371641.3832037 91.1070053938311 0.00187273610520076 0.380187256231568
"204" 234.934201207943 4876288.26706205 91.0912134251557 0.00198908549626908 0.323669248135361
"205" 254.901156877168 4537153.70721184 15.3886136966757 0.00109274250668544 0.491616055529847
"206" 252.663527918048 11425889.0401805 50.6236941004172 0.00147234178154441 0.477017624543017
"207" 280.9088422684 4566825.9358732 57.7601388229523 0.00156256551649011 0.43134870111814
"208" 255.530776875094 4199306.59218226 20.4831467573531 0.00121086820058427 0.468098058083042
"209" 293.065237021074 4485070.76653186 3.66254376876168 0.000667802448091139 0.611134065040396
"210" 249.429413676262 8975490.03479071 18.1505371190142 0.00106458553784552 0.535791439521756
"211" 239.558126428165 10159332.7483628 11.5171826025471 0.000944420953985261 0.554285189368797
"212" 221.26761849504 13131787.8114525 25.0773176762741 0.00128111362404785 0.493521891233933
"213" 215.629430185072 3425915.41537549 98.9797991218511 0.00218627207717504 0.265317502068869
"214" 248.988604336046 2358265.16444795 75.3212147343438 0.00195165709323784 0.316168590145246
"215" 228.744350001216 11510048.1987931 43.2171721865889 0.00151226561528882 0.448547348724929
"216" 265.188365383074 4233714.93644081 98.9040403566323 0.00191244744669679 0.351630373928489
"217" 297.216089791618 7860792.4247859 91.8826910292264 0.00166900708862818 0.448050310928036
"218" 244.360265461728 3184223.29346649 93.7577675657813 0.00202556717781491 0.309406981279127
"219" 271.375242271461 11271379.630384 98.6122522423975 0.00174375608538085 0.432892016152997
"220" 233.597031841055 11196022.3759757 35.7226391327567 0.00140120039075516 0.472443901992446
"221" 269.53439344652 2941503.84650566 53.3038719433825 0.00164776290696464 0.387140654803668
"222" 272.461050399579 16675155.6529431 79.0206220494583 0.00157113486989219 0.49433762389332
"223" 275.457355938852 5086399.05699529 55.4280594782904 0.00154640426337416 0.436075409387658
"224" 299.161753570661 14393835.9752996 70.8061491288245 0.00145731550037427 0.531048402940789
"225" 232.365948148072 15056929.1745778 21.8206565075088 0.00113808162230294 0.542719178673143
"226" 245.373578253202 886218.508682214 41.4243754877243 0.00192053538277915 0.295907232718938
"227" 293.551094224676 336884.685466066 78.6143304239959 0.00235369062902708 0.228813581765801
"228" 253.215314936824 17918809.6503494 90.7511399348732 0.00170149307343797 0.455777613668934
"229" 275.671514403075 16444572.9261497 31.5136616837699 0.001106140608809 0.602062706331257
"230" 201.39202713035 16963400.1460392 37.6073433370329 0.00152086233706724 0.447041135313414
"231" 233.550834609196 12052790.9574565 5.27395124034956 0.000791126328365975 0.587292110723614
"232" 284.49231039267 10238328.1396702 47.2088271684479 0.00132961997158514 0.527147214206439
"233" 273.787306062877 174862.192384899 42.0301457028836 99.4847738536359 -164.890909301601
"234" 208.691470813937 4979064.58964571 52.2415853491984 0.00187871975537033 0.324791562408954
"235" 201.519605191424 6489780.71019519 48.4253407788929 0.00184023874907681 0.334966489079943
"236" 297.695981664583 2280357.56314639 76.7970278230496 0.00177355050567105 0.368696307651008
"237" 289.739872561768 12504226.0014452 44.5845270105638 0.0012605331700184 0.560181972774362
"238" 246.920311520807 6051893.51330046 12.6122358415741 0.00101963174513108 0.513498805794506
"239" 256.49203194771 10270435.9754454 35.6455746639986 0.00130097299349726 0.507764055068324
"240" 239.399234531447 16897435.9716522 96.7628003049176 0.00179910340773043 0.421298958023348
"241" 275.956462044269 7630328.47803552 81.6215999347623 0.0016813449650077 0.430232221065897
"242" 228.052358073182 2409852.45467164 58.5959593602456 0.00194084105444183 0.307011878566332
"243" 275.964895240031 19349494.6265128 32.4117417782545 0.00109961765282881 0.61706195318004
"244" 244.989245804027 11524347.0762158 30.3512740328442 0.00126212057219284 0.5119978343044
"245" 225.437090825289 14886914.3126765 71.8724051576573 0.00173187204861134 0.41819415201053
"246" 283.197024906985 9726757.96062686 90.576296328567 0.00167763635343524 0.447866915417887
"247" 266.484359861352 15538269.1284176 13.9069408006035 0.000826898594806413 0.646041685732426
"248" 258.062310586683 6373777.22717356 32.3884704005904 0.00132510156423273 0.475005380432872
"249" 271.059426479042 332056.853105314 72.1735304144677 0.00236209033942721 0.228185638913596
"250" 266.141789034009 17224288.8344452 45.1923338982742 0.00130156301648474 0.552366256419435
"251" 225.037828437053 6226673.82440995 92.563100298401 0.00200865020908728 0.321533695646401
"252" 239.135162322782 249462.24950254 22.2990908697248 0.00216401348619137 0.261015739563639
"253" 216.846778267063 18363689.6909913 37.1234396384098 0.00141518997746034 0.488829971994393
"254" 252.778443624265 18838289.2295253 57.5742751534563 0.00146032002701506 0.512693753378664
"255" 248.506051930599 12115668.2499917 8.25749733531848 0.000792484404876343 0.606496772003593
"256" 274.331910279579 8366692.74254236 57.8512870536651 0.00149714218639421 0.471835000533079
"257" 254.166379384696 4859029.15059123 97.6593737669755 0.00193181079351468 0.346532272905392
"258" 290.565888979472 15974133.2235513 29.9430198182818 0.00104596851810107 0.629229239780852
"259" 219.764675199986 19190114.3499883 45.7844648752362 0.00149069252232531 0.479685925296379
"260" 274.29607831873 470171.433873475 12.9944774524774 0.00165020312654176 0.32968046033642
"261" 262.919668760151 6351886.32379286 75.2354011805728 0.00171926868319665 0.404869468378724
"262" 287.414677371271 13169343.5395835 34.8972826178651 0.00114368130194944 0.5882520998602
"263" 222.871873481199 19749996.4211136 51.4953349544667 0.0015268833572281 0.477089881290595
"264" 232.328685303219 334034.877200611 73.8962116676848 0.00244876874493429 0.215215796514983
"265" 217.096754768863 7292512.71674875 79.6110306899063 0.00195321144928929 0.332236969381001
"266" 295.516931219026 18131190.308556 53.7803851377685 0.00130011376608267 0.581131423959782
"267" 236.663001659326 7930367.77472589 49.7718216569629 0.00160521830815782 0.417157642543441
"268" 214.685822883621 7197339.62814789 49.6375510720536 0.00174884764658383 0.367317805939415
"269" 288.364885747433 3953432.32485466 73.4310328955762 0.0016805858810158 0.406685683875997
"270" 212.377567496151 6311031.85480461 18.4108796203509 0.00136292597076769 0.423587601960274
"271" 270.817721332423 13220206.2835917 76.8524498280603 0.00159264579432245 0.474744388808541
"272" 243.497068062425 13155998.0161022 45.2429442591965 0.001436018217557 0.485265289240691
"273" 217.740930104628 3440234.40144956 29.2273599419277 0.00163138468331892 0.35935284905829
"274" 213.756918441504 12143163.2167427 46.6731026950292 0.00162266928538959 0.417260905754251
"275" 260.321238264441 15260536.8034914 5.78256787825376 0.000666672209306855 0.667472469723451
"276" 233.546691876836 13253678.092896 70.4179010188673 0.00170290832486934 0.423680687240463
"277" 242.464215774089 9712084.0244228 88.3962559106294 0.00182679371762951 0.388538955348338
"278" 232.41850794293 10317820.770666 34.8443897075485 0.00141065522833545 0.464316947099962
"279" 246.51686353609 1920781.9105126 77.9254250461236 0.00201803649945354 0.298252105735121
"280" 205.571945966221 1162719.80421152 3.92462202184834 0.00149340279177143 0.346258431413247
"281" 272.525882348418 8613927.12383531 34.5552641258109 0.0012445427075038 0.522595983923871
"282" 258.498616656289 8395308.91487375 53.9402114707045 0.00152741665089816 0.453237241750982
"283" 209.133856231347 3125488.93911298 60.7696284630802 0.00202437061490173 0.287481531775598
"284" 288.878006022424 18674916.320038 19.7781243103091 0.000869193404638029 0.683036163744018
"285" 218.805692763999 19820523.2855631 2.39735023141839 0.000773485534722616 0.622879980598
"286" 250.331423408352 564592.556213029 87.5425900667906 0.00233140659747892 0.23182580572422
"287" 228.646099218167 11604870.6138274 51.7471037600189 0.00159897987228376 0.432522323582053
"288" 216.767007438466 1705975.01378506 54.4652001594659 0.00203672132089461 0.278697473189791
"289" 273.769418871962 15184935.0529024 65.4223435181193 0.00148084215767536 0.510297396798532
"290" 226.39711892698 14845448.44802 8.91555400914513 0.000888428380832213 0.579160460533023
"291" 291.330414661206 10958049.9978038 3.75028353836387 0.00058464042635691 0.701504336490473
"292" 240.803410485387 18252277.8656101 17.5304194933269 0.000982762317326717 0.598432450046911
"293" 237.595042749308 13155285.891844 14.6357485994231 0.000986108128809638 0.565449306554791
"294" 286.88328510616 3171560.56989916 3.6786614372395 0.000748591439541191 0.563117435993666
"295" 252.668943838216 7090905.81987984 32.2250314736739 0.00133198496651696 0.475131711473397
"296" 212.193952780217 19935051.029874 53.3154290078674 0.00159456901531724 0.454686472706524
"297" 212.477715546265 15646275.1042563 94.060007992899 0.00191966972742755 0.371774395171117
"298" 211.868877522647 2856004.14974615 7.62961818883196 0.00128604154242252 0.398918905280563
"299" 246.38165649958 7393419.73632108 34.3310013024602 0.00138678797227203 0.461776809123973
"300" 263.576581678353 1431420.05964182 31.9080758464988 0.0015936350520119 0.361412780714939
"301" 278.558959695511 5379034.49651785 15.7369714409579 0.0009601700015897 0.550024287050965
"302" 207.032553316094 15676009.8226368 73.5393774535041 0.00182545187410075 0.387189947304354
"303" 285.871506528929 7330221.92392964 8.83796906610951 0.000730647528264441 0.625435887856085
"304" 298.772514890879 2740801.1717489 10.2525984211825 0.000879596669523487 0.534955716703065
"305" 250.789545965381 6894936.77262217 65.0096098594368 0.00168805777481767 0.405968794347413
"306" 267.053109570406 2565843.64967421 68.4522418582346 0.00180819103835899 0.352745482713654
"307" 255.688040051609 7652744.23111696 14.3012957703322 0.000974251702959411 0.547291083501969
"308" 249.282594514079 16261010.7963206 22.4847485162318 0.0010580787358365 0.583152146013725
"309" 263.400092395023 2755620.37210912 65.4785975674167 0.00178867145058977 0.35685888732917
"310" 295.383118372411 9216808.90028365 25.999473832082 0.00102830446452454 0.595076721500415
"311" 203.887471975759 3230983.06176253 68.8141005854122 0.00210512643271094 0.271059230814631
"312" 294.43655081559 10849201.3675394 41.3025698468555 0.00122662889787765 0.562391701597389
"313" 218.497760477476 2780124.51056857 13.3641855909955 0.00138214854956796 0.389631049783264
"314" 250.483977771364 14276704.1884363 77.0902112831827 0.00166090006006862 0.449588102546301
"315" 220.132575440221 283651.497494429 57.0310777020641 0.00244030505775642 0.2190817130146
"316" 267.039176239632 10953120.2599872 15.3168106742669 0.000896430247396237 0.602684193123359
"317" 273.822411638685 19251988.5219866 10.6258874596097 0.000717496447158761 0.699374955935902
"318" 264.92058429867 3576482.88083728 50.741236577509 0.00160830014656481 0.399965259709449
"319" 228.592284559272 3532092.05530584 33.0519703871105 0.00160797124320632 0.372758013240538
"320" 243.239035829902 5659943.08949448 23.1542465884704 0.00127517880066602 0.462999564493013
"321" 265.482375072315 12387309.1547517 67.4730864851736 0.00155384354085934 0.475558686769542
"322" 260.847831889987 13114727.2146307 71.5631641901564 0.00159354678406129 0.466825604222634
"323" 295.682483213022 9332979.29437831 35.7917335683014 0.00117187844275376 0.565236490100373
"324" 285.737187578343 921131.487423554 56.6340601537377 0.00189698757557142 0.310090766823588
"325" 257.202067435719 4542878.42712365 67.3657630525995 0.0017433885929533 0.381422786369577
"326" 270.721276756376 3755942.72532035 60.3163198006805 0.00165953822530144 0.397120302924548
"327" 268.122841417789 6965404.44628336 46.368540256517 0.00143772433405896 0.467853895550137
"328" 284.166554594412 14114400.2205692 39.2622963190079 0.00120107320031514 0.577186557361348
"329" 272.671478125267 543805.084959604 26.8992105699144 0.00180755609176775 0.308917196396812
"330" 257.082830416039 14663947.8673227 83.7691633801442 0.00167375929499303 0.453003228988106
"331" 248.636332270689 11279909.2615955 70.6160396754276 0.00166095330901889 0.434896200044811
"332" 253.166143875569 7566013.9914602 97.1547293758485 0.00186547947460418 0.376634231113703
"333" 272.150737908669 6442551.22418981 53.6346613527276 0.0015064631513554 0.45375928918303
"334" 297.451849910431 2735437.18436267 56.9028651334811 0.00158403961659597 0.410886996926586
"335" 244.889581203461 2716419.20492984 57.0212532775477 0.00181423024769823 0.341286964021136
"336" 263.921999232844 2751827.22252794 11.07502248534 0.0010453152813036 0.477604469072009
"337" 240.563301742077 9971623.61692172 69.8089613965712 0.00171272424848558 0.411602080063329
"338" 252.245178446174 10151527.9274667 83.6391993626021 0.00174773759952131 0.414016539542355
"339" 200.393964536488 11785854.3975512 45.7736561596394 0.00169703764603792 0.388779417602622
"340" 283.909518481232 263234.498025849 7.56930630723946 0.00183059872805987 0.309005857271343
"341" 221.663657296449 8426856.14554211 4.44565038080327 0.000898903847298702 0.526455735233322
"342" 209.204955585301 3399471.60289157 60.74823623267 0.00200940430673965 0.291994250070027
"343" 242.841623467393 11367323.1397988 66.9660254614428 0.00165934502151986 0.431158445987119
"344" 222.604580433108 8157179.88382094 90.8442380309571 0.00196720063407406 0.338162550035973
"345" 294.982223841362 1134896.49654366 1.05043056909926 0.00109125236917721 0.4681758310611
"346" 268.399017350748 14992021.7515202 73.2228740488645 0.00155880988082865 0.487918917883752
"347" 211.073627695441 16893444.4738552 84.7159940504935 0.0018601768092744 0.387815472899968
"348" 219.675435265526 10725058.7503426 10.708857859252 0.00102999903251249 0.519888982518027
"349" 232.266193744726 14443559.8885408 12.67267823359 0.000953255243514596 0.572681155431236
"350" 254.456547391601 19641061.6711481 39.6062323369551 0.00126236163007401 0.560553764898652
"351" 226.270767790265 12019357.0580566 23.3995326079894 0.00124028986912898 0.499841303512861
"352" 229.167070845142 8735008.97262711 96.1901910318993 0.00195034206751683 0.349117002587921
"353" 250.228989031166 5115726.46398563 87.7716643498279 0.00188818592772223 0.354481411535718
"354" 200.412795390002 10546990.4245343 19.1262785680592 0.00134716701848012 0.443377754251614
"355" 207.57044814527 7765683.84140264 51.7595962029882 0.00179700926655321 0.355780693214049
"356" 221.418426930904 624864.003830589 97.2677716405597 0.00243649767440579 0.212146775412675
"357" 203.754412964918 18029588.7018787 61.6817953391001 0.00172913732560811 0.413020654507626
"358" 216.951484140009 5846282.46037755 87.0194964068942 0.00203380730522958 0.308803575974004
"359" 285.165334912017 19347483.8818423 4.35081450454891 0.000584973433404606 0.746926591815661
"360" 298.660598625429 14001871.424471 84.0644405852072 0.00155143657107867 0.506360131697076
"361" 247.107433970086 9195416.02425743 13.245215290226 0.00096290728851985 0.552650148199525
"362" 263.738258020021 15099852.2075592 10.9206884007435 0.000772849013357116 0.650427688474984
"363" 280.615506134927 11921680.7388933 71.5129823791794 0.00153571837143706 0.488583968639692
"364" 295.835385611281 11032258.0010863 59.3033640489448 0.00140321802177278 0.525236909552951
"365" 201.586838136427 8754474.05911982 61.8434153951239 0.00189085863378488 0.338744228969163
"366" 295.040933019482 14686748.6732779 77.0835351287387 0.00150921900215203 0.51689885298524
"367" 214.334788685665 2746722.90547751 52.4157979323063 0.00194963181542072 0.300190444847305
"368" 293.088277289644 13975498.0061669 54.8564023182262 0.00134283559308459 0.551543368329251
"369" 221.715558273718 16319731.9503175 9.93709442857653 0.000924258327437233 0.575698385615894
"370" 217.203602707013 9996866.762219 42.671588298399 0.0015983763206904 0.413355294215004
"371" 236.20618453715 15866795.1514712 67.4889958947897 0.00163838979589762 0.450022195981223
"372" 224.785694736056 9122001.03390496 84.3308253595605 0.0019004816469456 0.357853122674398
"373" 292.639977089129 11316383.9365821 99.0702064719517 0.00167830763973402 0.461209711059688
"374" 246.062955213711 12930551.085202 49.8523548631929 0.00147462253710515 0.478622244828931
"375" 210.141146462411 10642696.9298627 96.9075968251564 0.00201680574127958 0.330176263749705
"376" 256.882055616006 6059519.28379945 56.7299918381032 0.00161233234749883 0.418665614477499
"377" 230.091732228175 11622652.5413338 37.9285404146649 0.00144116411545571 0.463930304165011
"378" 284.014403820038 17034946.4820465 19.8792838107329 0.000888789295495909 0.663869975188824
"379" 228.456588857807 16492142.06303 68.9523031483404 0.00167844622033006 0.438008810993594
"380" 211.858004238456 16474231.3335882 94.3511450763326 0.00191464777962383 0.375340150170575
"381" 257.066483818926 9158152.77507063 90.1550497114658 0.00178135530584293 0.405301894263768
"382" 293.017306993715 17571039.2772686 22.880386024015 0.000920323247746551 0.670301198414811
"383" 235.395696107298 14369723.7377753 19.9576161345467 0.00109511464849453 0.550317844708452
"384" 284.561220719479 18801995.0412679 56.4247841543984 0.00134620313738838 0.563690646991882
"385" 246.117506688461 5434854.75515481 44.0510041110683 0.00156058421270536 0.414165473749287
"386" 267.624658881687 16407928.7037253 89.4069036194123 0.00165442147661365 0.470848977660455
"387" 205.531622120179 13215715.0348416 11.5331591574941 0.00109631935222118 0.507842215317727
"388" 215.764854638837 10727150.5041514 4.31315830582753 0.000888732779544141 0.538757454082204
"389" 204.543891386129 8052766.42974932 88.7847540464718 0.00205651082668843 0.306350637044277
"390" 255.428851861507 4165505.35312854 19.2553239415865 0.00118866308489581 0.471221719493367
"391" 227.461610804312 19402262.044372 57.7462433122564 0.00156586408248806 0.47176489882911
"392" 238.300555432215 3291101.21566337 85.1574931561481 0.00200394008795054 0.310868061579376
"393" 229.245228786021 6814996.31176703 19.0103509442415 0.00124682751765771 0.464597800788144
"394" 240.559477359056 5452629.51490004 7.75968590937555 0.000951112961097355 0.510978729905248
"395" 201.225663977675 2294322.09022343 87.5281065676827 0.00227645738026749 0.235274072272501
"396" 213.863784261048 9306829.11917102 95.3664881868754 0.00201366180209515 0.327804770358535
"397" 253.06832655333 11879777.1079699 91.5487840296701 0.00176716803568869 0.418421079765763
"398" 220.964400912635 9390306.16823584 75.4294005453121 0.00186146208907938 0.363927992168874
"399" 235.841038753279 17710725.1916081 84.8563449874055 0.00173846798434648 0.435076500204581
"400" 234.743744391017 9876330.20074572 67.5324889428448 0.00172650485217739 0.403800222489217
"401" 234.306226158515 8534146.96229156 35.5960509141441 0.00144456256380565 0.448390428495141
"402" 216.983704874292 4015820.73622849 1.93671885551885 0.00105158256545008 0.457796181829037
"403" 259.339151973836 18060331.9015587 19.6435308146756 0.000951518234181109 0.625533068736969
"404" 233.171699661762 3774060.7684711 23.9040115445387 0.00142667507443626 0.4081875785644
"405" 283.414719998837 5713031.07817657 51.0360168656334 0.00145465209953375 0.465833796195332
"406" 206.07497766614 16848852.2328436 28.7972614588216 0.00137734742061875 0.478699423837976
"407" 291.280482546426 16429928.1891901 40.7657454623841 0.00118375503857948 0.599010192512853
"408" 241.852594446391 3567082.4291883 47.3591824369505 0.00169329770691599 0.369431981450011
"409" 209.00673517026 8823284.52970833 87.1954053489026 0.00200657922970728 0.323269382679809
"410" 267.658644984476 4257881.5368237 69.0439513847232 0.0017192252603065 0.389960919434097
"411" 214.617808302864 5515878.18271946 71.3852290634532 0.00196560091476664 0.317765832539504
"412" 288.020558306016 8758370.12885604 70.2596445681993 0.00154236935361726 0.475269201431399
"413" 208.582882210612 5201857.33609833 92.109408356715 0.00212669440287851 0.281696896177931
"414" 262.891690433025 16608881.7126583 77.2397728399374 0.0015920918992935 0.482660753319025
"415" 222.14723371435 2859155.44414893 45.5266565626953 0.00183189331069978 0.325302672814108
"416" 281.47828609217 6941461.59403026 88.6158141351771 0.00171749205686399 0.421722914641078
"417" 202.224220591597 548759.4952574 79.0301376469433 0.00246156049445519 0.207643779104776
"418" 265.687439613976 15822952.518356 68.304750489071 0.0015251317188177 0.496811421030482
"419" 290.420451690443 5962658.39361586 49.1156540880911 0.00140284374511259 0.48374761054104
"420" 262.107517849654 5644522.16785867 27.0507861638907 0.00124313803088774 0.486207287410659
"421" 203.07393760886 3982985.99123955 38.0312182800844 0.00181757912425869 0.32277302990243
"422" 274.115911475383 11081959.2573447 31.3613971644081 0.00115829295858122 0.559143095877743
"423" 204.526972351596 11346995.878662 96.2209515227005 0.00203072210902076 0.325930499261406
"424" 252.770612598397 17144002.5742864 7.94456671690568 0.000728648137964861 0.655860905755628
"425" 210.043043945916 7260640.23096114 65.6647818887141 0.00190452950251255 0.33550257855575
"426" 280.833790893666 17949930.0957425 41.5576769947074 0.00121025159196031 0.589666374336113
"427" 236.624635010958 4048020.15903406 83.6804448054172 0.00196998574608919 0.322277674439614
"428" 296.712448750623 5183132.75300898 71.4713088013232 0.00159517319225539 0.442257325083737
"429" 271.580946189351 12753549.032216 12.7788333881181 0.00080648438377714 0.638924257371228
"430" 245.029487647116 3404517.00252015 11.5693268182222 0.00111678625117728 0.461905394185925
"431" 276.091174921021 7268498.18225019 84.9474760456942 0.00170847718741417 0.422316283794645
"432" 285.385054489598 3128863.37004602 82.6825626848731 0.00179286292970453 0.373243402573067
"433" 217.224665614776 7825188.70460335 50.3783735055476 0.00172465870293085 0.37780745399372
"434" 205.775363696739 3833208.47607683 50.6840669729281 0.00193124208666268 0.305498885862588
"435" 276.633444754407 1830055.96136209 51.6682426407933 0.00170143205033754 0.36125560543948
"436" 299.766922648996 2847170.86399905 95.1072952698451 0.0018336055236554 0.368484581632355
"437" 221.367741399445 13849877.1714279 7.89477618364617 0.000900696811480023 0.564478439923018
"438" 246.541783958673 17176881.6139083 89.3485647225752 0.00172547140978632 0.443453426709017
"439" 252.257229480892 8178553.64272837 83.2013494316489 0.0017782900107262 0.397310175016689
"440" 258.811219083145 10263784.422772 78.4093692901079 0.00168514403488434 0.432371429390237
"441" 200.840453826822 13855694.7108358 92.6237742991652 0.00199296393070875 0.340684466438889
"442" 242.61962804012 3580465.87184072 36.8936702064238 0.00157023636996335 0.390244733969058
"443" 268.500091484748 11885227.520857 79.9101036000066 0.00163602004619827 0.457606306034033
"444" 222.25005410146 3662469.35059316 13.8610916959587 0.00130722373500722 0.415483961965442
"445" 217.949560959823 1564922.3459186 9.40105241513811 0.00143373939339927 0.364226444965502
"446" 246.7442386318 4939402.97141671 4.08735681022517 0.000842137538978057 0.530849764808231
"447" 206.101434677839 6238872.61266354 97.1570901577361 0.0021344330453183 0.283682456301028
"448" 280.121721769683 1850315.85851684 94.6074092767667 0.00198389255622071 0.316475523843536
"449" 268.232578970492 8516466.91244096 52.8996753306128 0.0014734902878664 0.472698018446783
"450" 210.156129836105 11686137.2309737 83.9833290486131 0.00193039192510383 0.352180149272437
"451" 293.909072084352 2757031.05423599 21.5079339635558 0.00113612250344145 0.486104880010563
"452" 245.071559492499 18033465.0104633 31.5737839310896 0.00120750701325897 0.556665429753096
"453" 218.955481960438 12952747.8346834 78.2977809649892 0.00183176636870921 0.384585563418217
"454" 211.792222200893 4583807.56222177 37.7233105842024 0.00172818526856665 0.349534256221822
"455" 292.898512189277 12341717.3794005 51.1429201385472 0.00132192066388539 0.54812871563407
"456" 255.351406033151 6122090.99433385 87.9571481053717 0.00183750699519832 0.374819062341697
"457" 212.426507566124 16140298.974514 31.9137174834032 0.00139627833775888 0.478314418434246
"458" 261.102201975882 14614875.3446527 60.1424888141919 0.00148771644683882 0.49647776730082
"459" 294.810267561115 13199630.2265441 37.3160702572204 0.00115572075799535 0.592875560811774
"460" 241.770659806207 15948507.2308453 12.0465741856024 0.000878172969757878 0.606833501142418
"461" 241.9667490758 3825067.85460282 78.4479841941502 0.00192109581684502 0.332688752020927
"462" 262.666850956157 10686194.2687072 91.4012406591792 0.00174331850568095 0.424678417235784
"463" 206.002798676491 16978945.8386134 11.7903070577886 0.00104964686160292 0.538099308520251
"464" 299.073785566725 19341500.0475943 96.7664563946892 0.00159348522150271 0.513827938923844
"465" 291.810283437371 7128490.66848867 96.5730480379425 0.0017245682366621 0.427858099667604
"466" 204.782330943272 8767822.43209891 77.6408425963018 0.00197708599275926 0.325327584377345
"467" 209.440671023913 18554892.6450079 21.429335063789 0.00121615791110304 0.520672541680757
"468" 221.455604094081 9974573.31977785 9.68810820113868 0.00100670585550662 0.52045446691136
"469" 200.961646484211 19184095.2885337 9.25712564936839 0.00099397166703537 0.552829473226625
"470" 261.484600510448 13841057.5679038 36.3304399121553 0.00124409410007452 0.544736110163329
"471" 282.286839256994 7125745.26767712 18.6219070916995 0.000966546872642424 0.573710945469749
"472" 259.484668797813 9677093.89147349 19.6608919280116 0.00103604786674265 0.557705741115257
"473" 275.327665731311 2332728.69230714 48.5415818397887 0.00162280446895869 0.383974016285705
"474" 288.925049477257 15622927.5236838 30.389376829844 0.00105877937835669 0.622708143799966
"475" 298.806150024757 9885932.9204075 36.801074789837 0.00117002242023214 0.572635135275526
"476" 254.847443383187 11937363.2444302 9.54992937995121 0.000800106889404164 0.612295504239183
"477" 229.056419758126 6994889.6830203 96.2444922192954 0.0019875826310104 0.332695700878693
"478" 251.714485324919 17623833.0634078 57.0022445565555 0.00146944856251984 0.505240643448544
"479" 208.287350088358 4893862.03296017 95.071917678928 0.00215276165939015 0.274946040948417
"480" 289.47841101326 10029792.8208718 68.6268288923893 0.00150835770284973 0.491333598825107
"481" 283.262339467183 15532926.264382 44.9460824658163 0.00125775299496036 0.570132038997751
"482" 200.066844769754 7977648.97332527 4.29584995447658 0.00105146226281698 0.471154929067474
"483" 271.638613962568 13135329.1627252 51.710199206369 0.00138617031960986 0.519958368947587
"484" 219.093538331799 12082989.194151 83.0099439558107 0.00187238602417182 0.372703192686289
"485" 259.584411000833 9499782.74442255 52.7824855681974 0.00149245938282905 0.468046755912626
"486" 267.168842768297 17173434.9956969 80.9720942522399 0.00159764979874533 0.486371548063995
"487" 204.059009766206 18268199.3953651 51.2790008122101 0.00163602593547797 0.432826897621813
"488" 229.237612104043 15901778.6309589 38.9993845925201 0.00140143836069225 0.492355283903851
"489" 281.758079933934 7576983.98358189 92.9868363637943 0.00172967222385167 0.423446567569037
"490" 284.052718849853 16805951.1757456 62.6789470668882 0.00141505970232638 0.539732111551093
"491" 264.101023948751 6681438.02706618 86.4951179500204 0.0017776428909897 0.396321768194511
"492" 248.139808815904 4285462.08580956 21.0795159116387 0.00125972320961664 0.454518148627281
"493" 298.399301501922 7989156.99233767 67.9288560827263 0.00150493659183139 0.485727261833861
"494" 295.048291934654 4646325.28519724 14.7792573031038 0.000900951250144716 0.567363971722098
"495" 234.013848472387 10041470.1139554 86.9965044902638 0.00185335724359748 0.378627329825739
"496" 251.944236294366 5991830.29679116 43.2859992855228 0.0015041529271861 0.433787570199512
"497" 214.853643300012 16932880.1245894 38.9625226818025 0.00146414968085893 0.471082083045032
"498" 265.305879339576 224681.788519956 45.4518243246712 0.00234138087303253 0.235218593634233
"499" 276.193150016479 16385001.8480327 96.4085381971672 0.00166743038917341 0.473117539778762
"500" 267.31236949563 3055997.00764287 98.5199737665243 0.00195606273870777 0.332811264313951
"501" 240.425410168245 17743570.8758887 9.26001803879626 0.000804694536058224 0.628558350531787
"502" 261.81525120046 1234660.93235184 72.1681998404674 0.00201281945679352 0.293985093366174
"503" 259.830164862797 7288936.342136 48.0570028615184 0.00148601415368568 0.454449647372574
"504" 282.346566906199 15174904.1208997 50.8437242093496 0.00132440330709394 0.552382345612521
"505" 249.207472614944 8995027.02592872 81.9659004230052 0.00176961798980694 0.401409385409116
"506" 246.865868056193 17332746.3514404 2.06934240902774 0.000679188911000285 0.666734172342651
"507" 219.21676856 17696499.0481967 49.004495419329 0.00154150670427121 0.462926902440953
"508" 264.238853380084 13287583.8923035 8.76412250217982 0.000733159359766589 0.646852599823349
"509" 282.512557250448 10601366.8495696 76.7009266733658 0.00158117582595613 0.473295655205962
"510" 232.580878166482 14733579.1461868 12.6751117620151 0.000948537662309533 0.575641900909768
"511" 267.225136095658 6952411.95473354 4.4101014805492 0.000698469694158693 0.604378422342073
"512" 269.602460879833 8108940.55895042 27.0938541425858 0.00115280798425695 0.533601411554387
"513" 233.97179916501 382978.959335014 50.7655265911017 0.00228371925265559 0.23981006953551
"514" 248.663612757809 11650372.9705466 4.25289741135202 0.000704861039370176 0.620329622351832
"515" 289.990371163003 6769124.14582912 17.1539620389231 0.000916364258280582 0.588119038577543
"516" 279.330390295945 19602821.104438 20.531130659394 0.000899703921437301 0.668520560371773
"517" 201.41909935046 1429689.31172509 77.339795203181 0.00229838436035027 0.229118565719457
"518" 298.237271141261 16515983.454627 10.2464551189914 0.000674298480745535 0.729347631180229
"519" 213.93616606947 14481399.1393894 43.908986319555 0.00155654662876782 0.441156811595985
"520" 206.012976239435 15028371.5119353 2.7627290058881 0.000866323048940283 0.560888243582299
"521" 226.343402266502 329320.515086874 97.0618370722514 0.00254998038935646 0.198076492290084
"522" 259.346773661673 16897282.4833356 32.3782476910856 0.00117053597789319 0.573429273093353
"523" 299.359354493208 4659144.24001239 67.1922812080011 0.00157058530466292 0.443186858677673
"524" 209.435733733699 2482187.68457882 90.8330723594408 0.00223251802454285 0.248168825846482
"525" 283.076529414393 678460.120526142 20.9662664714269 0.00159476445685396 0.342882376111573
"526" 294.014036119916 7225898.8985559 19.60777169629 0.000945811058492373 0.591999898528452
"527" 254.978940892033 18250341.6063497 33.8433628205676 0.00119678302637706 0.569563221726888
"528" 206.910430639982 2594675.318175 70.2172237709165 0.00213098995863403 0.264742009810933
"529" 247.113774879836 4381375.01524761 2.02652632328682 0.00084721098640974 0.528721880870826
"530" 286.307550710626 7811020.71411442 69.3466008843388 0.00155651043950938 0.46480140688936
"531" 246.905503654853 17379336.5537655 11.8785458880011 0.000841268445435419 0.628251770050062
"532" 226.034687552601 4423543.92746929 75.257463850081 0.00196215552113012 0.319497930395077
"533" 278.921817010269 15838125.0657141 46.7170402207412 0.00128736657103477 0.560890540763953
"534" 263.889150042087 6557968.71145722 57.6787721663713 0.00157588804680632 0.434948191952443
"535" 260.769613087177 13069581.72624 54.960096814204 0.00145964619876035 0.495120215617614
"536" 266.293675755151 19005494.1761307 42.4849447472952 0.00125817382279599 0.569633159775725
"537" 297.118147462606 17636988.0504673 71.1500734833535 0.00144380010916162 0.54520749646687
"538" 237.256819056347 13846396.956942 99.0280179288238 0.00185198722017375 0.397278580641583
"539" 296.585580729879 19770007.1609579 61.7342050012667 0.00136064007643256 0.572903650335053
"540" 282.009940035641 11474655.902083 80.1289290576242 0.0015957073609879 0.474032797052842
"541" 276.690234104171 18894689.2057545 64.1607155292295 0.00143405226282665 0.537312016863018
"542" 228.50831898395 8165055.06646354 24.5042834260967 0.00131945884521238 0.462402446369439
"543" 256.872594892047 2262560.2715183 15.2186750418041 0.00122318237020863 0.433558625845288
"544" 277.45416527614 10581858.7796763 65.0131152698305 0.00151304641012357 0.484377208036437
"545" 242.871217476204 15405286.6878454 23.3405418735929 0.00111003041843478 0.561306709989043
"546" 225.602049892768 16536584.397289 19.9363905573264 0.00112150225859194 0.5461865050747
"547" 229.222155129537 1097323.3146593 55.9585468233563 0.00206985675959372 0.272804125499606
"548" 258.28635150101 11212493.2286795 90.7424019370228 0.00174990662530456 0.422730270017268
"549" 272.622801363468 2526187.54047435 71.0908574559726 0.0018064630616295 0.355329488379491
"550" 251.186965568922 16524940.43638 34.4192414004356 0.00123426123096026 0.55007297024468
"551" 229.490627464838 15916777.1921493 75.2084064756054 0.00172341307098002 0.427135042752955
"552" 291.678297496401 5284911.43165156 92.2847569475416 0.00174254439275449 0.410054118964855
"553" 245.664445194416 15092113.2494463 75.6544473071117 0.00166287169524425 0.448910277702446
"554" 202.250502095558 2311499.90102276 53.6404705878813 0.00206694196417975 0.270380136486061
"555" 264.823172357865 3524175.4738614 98.6916573240887 0.00194281370290257 0.33898028200927
"556" 261.799323395826 5488504.55824286 97.641139395535 0.00187951630476377 0.366091766209197
"557" 239.380180020817 15244568.1574056 97.5471401966643 0.00181961684483617 0.410963728727333
"558" 217.36143680755 16013045.7713502 12.5137524963357 0.00101299690623134 0.553132895186872
"559" 227.654414204881 11267175.3839822 14.8275968472008 0.00107149615065418 0.526463276790404
"560" 254.834392643534 409908.140916377 8.98692022962496 0.00171602245065879 0.320438473320568
"561" 243.71847093571 6813634.20546986 31.8975360349286 0.00138138283596522 0.455640328374352
"562" 297.071725619026 11188498.8306323 27.7295501304325 0.00103152196967639 0.611185468706947
"563" 247.009755810723 409845.146164298 94.2390878403094 0.00244747870306814 0.213079968746137
"564" 294.354829075746 4771787.22915705 44.3400826472789 0.00137084266947841 0.479605490291628
"565" 225.297159701586 17301608.1511276 66.7508991975337 0.00166878015780179 0.440641117766054
"566" 257.765334728174 15992898.7838095 67.5451260029804 0.00154705112383699 0.486667046752648
"567" 271.008442016318 4408533.75052102 40.5814573685639 0.0014331376975295 0.445533629150076
"568" 271.154703921638 2122548.58312663 67.1523572581355 0.00181958764604426 0.345594189479761
"569" 223.465602798387 1096191.75358675 32.4128415971063 0.00187737987730589 0.298114555387377
"570" 222.980360337533 1473860.46182364 55.7253677316476 0.00203934740186571 0.278993525557733
"571" 245.173245598562 249993.219831958 23.5538895353675 0.0021591872872232 0.261563301138001
"572" 277.834204398096 13140901.2468532 93.9312813580036 0.00167589075812917 0.460271482329046
"573" 246.453460003249 1547745.87415159 33.2250448188279 0.00167633957547617 0.34438032332908
"574" 253.645275952294 1140936.03268266 36.0674114592839 0.00175402666852267 0.327196425019164
"575" 206.033919774927 10940215.1113376 91.1319531688932 0.00200370438544071 0.330915237883875
"576" 244.609899818897 17912463.3507105 33.5059907024261 0.00123762389864982 0.549335809244019
"577" 286.627104924992 3900258.82807095 99.3893701732159 0.00184583618985859 0.373073908564634
"578" 218.180476338603 4710509.10723861 89.2400174147915 0.00207458523666507 0.295365350118017
"579" 211.846077418886 13455353.4935461 27.8531278502196 0.00137668367778649 0.467893089650909
"580" 222.223706869408 17629390.3208803 27.0688778543845 0.00125287135096216 0.522836846703498
"581" 279.899296164513 9467412.87531331 56.6850098602008 0.00144903821338988 0.493389887867141
"582" 233.146406663582 19916147.2898209 32.9990030014887 0.00126538662768668 0.541149546386464
"583" 209.444770030677 15112936.6243724 82.738685416989 0.00187778753000017 0.376240996494508
"584" 286.169242742471 4013251.77261606 29.0692885154858 0.00122667391298414 0.489000707966638
"585" 206.075185514055 945669.212890789 46.8026776476763 0.00215336974085254 0.252171805385961
"586" 211.914334446192 16375421.3498207 61.3962719787378 0.00170449028945069 0.418641319689139
"587" 278.545237262733 11703797.7837725 17.6040552859195 0.000896786601850683 0.622398018499389
"588" 265.191683149897 9170835.85748915 45.7634403882548 0.00140164731692545 0.488596009848125
"589" 233.481632405892 4435461.04170382 34.3287527060602 0.0015518058085003 0.395476782118428
"590" 253.269360703416 5641814.57965169 13.5559250186197 0.00102041614490936 0.515817141652517
"591" 234.391543199308 11681133.8834465 34.0801242182497 0.00136732040815125 0.482417632608616
"592" 213.27498126775 6998316.37791358 33.6722388996277 0.00158501569564139 0.393034417278531
"593" 271.181484800763 9797349.68706034 27.1623455379158 0.00112062736962885 0.554852434487467
"594" 250.826815143228 14644685.6511757 96.0649043447338 0.00177035661408843 0.427254834310139
"595" 231.974647473544 11999606.1321814 29.4051385805942 0.00130810995750841 0.493094185258398
"596" 244.668178143911 9615015.65373037 28.2302898580674 0.00126141138854901 0.49952890008883
"597" 214.083709195256 11236908.2311401 5.04463555221446 0.000907292343163497 0.536927617485078
"598" 216.728465026245 18410313.674924 87.7269782677758 0.00183484724307081 0.402805480791934
"599" 229.770333203487 7492092.42062643 78.0613339033443 0.00187049419258788 0.358899627146056
"600" 275.182087393478 19284563.0730735 4.2228846240323 0.00059765369097175 0.728231061156078
"601" 264.514928148128 9538324.24127031 97.5032978914678 0.00178628342500672 0.411084278465844
"602" 273.642070405185 10873547.4723857 54.5592961232178 0.00143306895544231 0.499975391949271
"603" 269.092761003412 7772518.1743037 47.7791495816782 0.00143174600478204 0.476150979968055
"604" 232.782966620289 12429104.8661573 33.4707105678972 0.00135646535810678 0.487139957250731
"605" 200.445873150602 7371256.78698067 20.4969370667823 0.00145357503993523 0.404330681850018
"606" 299.87579730805 13142146.5932392 75.0835761369672 0.00149560081084928 0.517004701689166
"607" 266.101785935462 2599854.58396841 79.0219416753389 0.00188038989673535 0.340257961841107
"608" 279.172327020206 17313914.6411326 26.9590711048804 0.00102101903523069 0.629350592792564
"609" 299.670394067653 7861468.83070469 59.408859828487 0.00143392819648955 0.501064820520417
"610" 273.942702636123 6665003.97690106 52.4989145165309 0.00148299552538145 0.461587179029504
"611" 229.248793283477 7406071.58546336 95.9072199778166 0.00197559290387218 0.337394748827071
"612" 271.644831146114 384576.021786779 43.750888454495 0.00212508425853224 0.26364492410021
"613" 252.314435876906 3475230.16852792 47.7681213817559 0.00164587652085575 0.383593436005603
"614" 205.56301032193 18192941.720481 2.8373950056266 0.000842893045001872 0.582662605351671
"615" 217.596902325749 1028493.73158533 46.8732793841045 0.00207165619313519 0.268047374060203
"616" 217.259883088991 2251911.98538523 16.771311862627 0.00150916217726498 0.36295496820717
"617" 244.95734735392 2551607.83650354 88.6015491753351 0.00203345493157431 0.302186101031104
"618" 273.735138960183 12485991.7590162 83.7264894912951 0.00163518589688218 0.464091928836259
"619" 205.325477896258 16453723.1409224 39.2081069482956 0.00152470477127903 0.447946228220266
"620" 218.769919197075 17014161.3228247 53.5853292425163 0.00159568676894211 0.449076416456717
"621" 267.802354996093 11934748.6981191 75.6664964940865 0.00160950697508508 0.463109582821093
"622" 285.948168020695 15440400.4056007 40.635712801246 0.00120229927262376 0.585107164328679
"623" 254.5231674565 11402519.6922245 44.0233301387634 0.00139537477694884 0.493995613013808
"624" 225.334489555098 16339114.8044728 58.1604943447746 0.00161050956028441 0.448914854913102
"625" 266.739849280566 13306644.1555042 92.3201907810289 0.00170267110858858 0.447677709734487
"626" 255.714509775862 10451900.6571034 73.9427112729754 0.0016651970209901 0.435219188729632
"627" 227.553425775841 13921881.5908534 97.5391227721702 0.00188721174643001 0.38326680140544
"628" 267.420691763982 5896336.43350098 20.0241631274112 0.00108344911813581 0.522653351129673
"629" 270.575623051263 4051129.05846909 80.2002219322603 0.00179068076638614 0.376324630257727
"630" 265.808088309132 19280422.2893901 61.9492829518858 0.00144760013693031 0.527321319808637
"631" 201.633562007919 14804468.6242938 38.0545731917955 0.0015544865902551 0.43103074825156
"632" 237.746861553751 3398863.33008762 32.2322700307705 0.00154729290816492 0.388003482010716
"633" 205.19513678737 13611234.0724329 60.6716514623258 0.00177174121542655 0.38777921231281
"634" 217.643694090657 14147681.6973183 91.5093233434018 0.00189928699638162 0.374389505409706
"635" 223.935554572381 13471255.8644824 86.9465685330797 0.00185190565409048 0.386377515560376
"636" 231.668455968611 1801189.08882141 56.975151611492 0.00196271857012399 0.298554299743279
"637" 243.959018262103 2581279.26823217 10.2766831493936 0.00115259244055415 0.441381189801955
"638" 215.170591883361 10591710.1562489 93.2304263010155 0.00197293347633918 0.342741652923277
"639" 221.861670631915 5894231.35423567 36.5899093858898 0.00160060431357062 0.390142248060192
"640" 201.470567751676 8133154.87336367 91.0346678365022 0.00208362281324811 0.299008936147627
"641" 201.904222089797 15934084.0689838 52.474693215685 0.00168746053663418 0.411148294755077
"642" 288.587342761457 491729.766107164 73.9041882702149 0.00221165125739476 0.252336977157392
"643" 276.656395429745 2576009.85174067 1.54608039022423 0.000848340741536715 0.532484900990693
"644" 291.797614796087 4721038.02489582 32.4241470221896 0.00122965335989854 0.503758119205098
"645" 202.273115701973 19771127.6483722 51.8880076489877 0.00163345960337924 0.437315183993231
"646" 277.187612955458 11126303.6615448 5.12247167364694 0.000630439853709334 0.669985416937505
"647" 281.07096562162 13145140.979928 97.7888348975684 0.001687287256958 0.459672612384106
"648" 280.899127363227 19444438.7822878 97.0976699744351 0.00163739677286893 0.492774665863673
"649" 210.871632746421 7215033.6521212 78.4794794342015 0.00198344062990008 0.321202284480669
"650" 254.224253632128 16321452.0693757 81.8765038026031 0.00165726582309633 0.460922931895455
"651" 279.528849385679 18855625.963537 92.8317232734989 0.00162049242291016 0.494354449209256
"652" 249.960927315988 8038584.94700398 9.86208587931469 0.000886967531471818 0.559147131379104
"653" 271.784771280363 15005488.2466095 17.2291059391573 0.000883340262460589 0.638297891494353
"654" 209.623286733404 18455092.0692272 79.5753578024451 0.00181946043460693 0.400824992490991
"655" 255.020468775183 14676535.1417474 80.3266794560477 0.0016598525315986 0.454687712448354
"656" 289.89890019875 10832840.2042855 55.2017585993744 0.00138530454506511 0.523357700286875
"657" 224.811957823113 8989814.40479401 44.7815859711263 0.0015980812525133 0.414726875794827
"658" 249.105659057386 8027258.03095382 99.5228205847088 0.00188680112583251 0.37210038606984
"659" 247.814437374473 1658517.40115322 93.475513443118 0.00212476999305469 0.277468940158079
"660" 273.72390080709 17469850.3751773 52.8095853822306 0.00135244286215629 0.548383141572538
"661" 278.936746460386 6264391.07968472 30.5036236997694 0.00120691826028613 0.51509683342736
"662" 271.878615557216 19788371.9103877 89.5671919251326 0.00161783243638939 0.493122940748513
"663" 293.434907821938 979012.60482613 15.2722633776721 0.00131164673989002 0.397969745451534
"664" 215.486911986955 1189383.41722824 90.0497250338085 0.00231461254459425 0.230838609472312
"665" 249.787013162859 15351415.3467258 54.7385047061834 0.00147834402419261 0.492472733472606
"666" 272.608949034475 13314249.4096188 52.6556411692873 0.00139016461919174 0.520813517201731
"667" 200.295477616601 841534.490673803 31.4157956237905 0.00207013585586889 0.261935567680773
"668" 218.79328051582 19314446.0672745 7.09029098693281 0.000843876178461565 0.602138182827604
"669" 257.562594069168 9453042.45927837 53.5450548599474 0.00150917879279486 0.462744035759739
"670" 201.092407479882 14497985.538072 40.915923935594 0.00159548923548027 0.42136078242605
"671" 207.730492483824 13530536.020454 29.6199044310488 0.00142652120449067 0.454805616528839
"672" 214.86975948792 19255764.8062473 94.2946208091453 0.00187177584383307 0.39623089750088
"673" 288.550898712128 6227874.10239689 47.118996627396 0.00138222821467502 0.488928956515853
"674" 224.843265139498 5284524.2474461 74.9178151295055 0.00193689425097008 0.329186809216743
"675" 245.045494381338 13368036.6743356 21.9762719776481 0.00109764765580252 0.554701905260062
"676" 276.354486844502 14420613.4987297 21.8851123601198 0.000963251641543465 0.623593705839478
"677" 288.26496633701 8627258.15889426 48.1099527059123 0.00134881208576849 0.515442741058824
"678" 298.630028637126 12173749.6616086 27.1311471157242 0.0010100747885825 0.624420874805325
"679" 297.964850766584 8284353.06937899 11.6298903853167 0.000750573980706302 0.647722603599775
"680" 285.290813050233 3322502.82540917 20.0693952695001 0.0011054946059798 0.497214255278223
"681" 223.890486964956 5994913.03644609 25.304450530326 0.00142191526185074 0.422980183453361
"682" 236.797397304326 953998.582321219 88.8329392462038 0.00225971416478313 0.244061769083688
"683" 239.312319550663 10407890.617149 99.0209149301518 0.00188820260335937 0.376794366878985
"684" 225.209861062467 8838507.46916141 26.3137319826055 0.00135538416823318 0.457647378744788
"685" 209.779834793881 13808028.9643956 10.4640346884262 0.00103531912180921 0.527017116856298
"686" 291.108981077559 13747722.3312715 69.2836397932842 0.00147093438285339 0.519384109074667
"687" 215.720660449006 8791500.41078683 67.3821232325863 0.00184827480920234 0.3591193873061
"688" 265.51233259961 11923712.2547813 3.17121870163828 0.000632986172223152 0.661838138943252
"689" 231.704638828523 11166614.4973133 29.0512817881536 0.00131728891708426 0.486171543370189
"690" 219.790887460113 12494145.0341139 6.56468510511331 0.000892997496933667 0.555000044595584
"691" 278.405988682061 1605889.35848791 67.5227077375166 0.0018557869371816 0.332440449819436
"692" 287.664797040634 5517338.3488087 81.3838176652789 0.00168408576862977 0.421635622929728
"693" 252.782520116307 19295868.9306397 9.80018980125897 0.000760001891257041 0.661597973531872
"694" 236.982914758846 14298757.8375265 84.8116370306816 0.00176818680854804 0.416900818252914
"695" 296.645798813552 19694294.5903866 71.1923286877573 0.00143443221882989 0.554038914715006
"696" 230.651816236787 15719941.0959845 48.3042549507227 0.00149898218110425 0.473210999283573
"697" 258.54929946363 12641033.2696745 22.5119249031413 0.00105543971014612 0.57340983558852
"698" 209.377952525392 5563732.98291583 62.0787192343269 0.00193169614589125 0.319997476919836
"699" 210.108551173471 6480345.96263897 53.6003867385443 0.00183215587318033 0.343969620987861
"700" 279.40589201171 9159771.18790615 92.5135929833632 0.00170950228295995 0.435411484590779
"701" 233.611311786808 19763377.0606015 49.3288148124702 0.00145522253666835 0.501204009397452
"702" 261.555876559578 15275547.5503393 34.5067735796329 0.00120539843215835 0.560276489444431
"703" 228.588580014184 1495140.68306889 84.3844622392207 0.0021855586522371 0.258373052664309
"704" 265.814956254326 18244349.867641 25.3185306042433 0.00102905698322216 0.617330843663452
"705" 290.912712900899 4430253.70719843 48.9858551563229 0.00144555794807914 0.458668911430206
"706" 240.188550553285 18006359.1507496 76.1015687335748 0.00166109963860526 0.456149747067255
"707" 230.268810526468 11726297.53449 62.5316932995338 0.00168161495560788 0.418350806682901
"708" 296.927412040532 5294865.15384633 34.0364571639802 0.00121756661677429 0.518062777645251
"709" 299.232238158584 6624789.35222607 50.7101098645944 0.00137559903815012 0.50252211430017
"710" 203.437001933344 13688679.540786 76.5544115738012 0.00189056469650802 0.36305366791826
"711" 222.83623944968 14424165.6410275 7.5841021600645 0.000878100345117231 0.573807216542133
"712" 201.094410894439 9970308.48332215 21.4257492311299 0.0013988879023465 0.431812843615866
"713" 256.537961354479 19104491.0220895 23.7367223296314 0.00102929933480297 0.611095857745673
"714" 201.88826166559 5634026.31364297 5.20549195399508 0.00114192055067186 0.439183762423533
"715" 268.642306909896 5909412.45472059 76.6988667200785 0.00171591765618215 0.406109657312573
"716" 218.602837412618 6951116.82785209 78.608947525965 0.00194723968056196 0.332669727938983
"717" 232.679887418635 18175750.8297917 60.9444367564283 0.00158012355870286 0.468430713103657
"718" 222.818714659661 6864790.95742106 51.2691060153302 0.00172395675641633 0.376675926047583
"719" 298.648368101567 15793487.7238702 73.1385811190121 0.00146577803660952 0.534144194584641
"720" 228.192389477044 19146258.9010829 82.9436329281889 0.00174732270876895 0.432594478824465
"721" 237.687121564522 5877262.14057766 31.7154483164195 0.00143925013812378 0.431898585268979
"722" 237.361620226875 1410585.85662395 57.4410219828133 0.0019866531897464 0.292282077845995
"723" 270.805523684248 19796936.0830728 52.3195936328266 0.00134127532814756 0.557399278051368
"724" 265.982053917833 1209749.59833547 16.6896984532941 0.00137854702941871 0.386928614440649
"725" 205.774734937586 13280774.0743505 97.1669609362725 0.00199933313741109 0.341049495863905
"726" 268.463618913665 18067596.5225324 13.7011964197736 0.000802002993391561 0.668036174013514
"727" 285.157700907439 6798881.06712606 6.39859046856873 0.000683939020815558 0.62775484207153
"728" 289.511821884662 4485785.81905458 32.2935488927178 0.00124429126946327 0.495755364403838
"729" 227.644816460088 6202560.96601952 16.0293388306163 0.00121202684880567 0.463057882626522
"730" 254.238912602887 15284181.3527048 94.4415595028549 0.00174170866773565 0.438236732832347
"731" 212.845462583937 15625775.3349841 61.0156702767126 0.0017058943896101 0.416115695563259
"732" 228.017065813765 11546613.9650438 24.8781185937114 0.00126365043492759 0.49455443238861
"733" 233.249250520021 15202233.7241098 27.9703992565628 0.00123704789631869 0.525412672150848
"734" 247.565823071636 17702180.8217745 1.47662116168067 0.000701474447890342 0.671001159357108
"735" 296.627204469405 342243.080423214 57.1099334736355 0.00221902580084833 0.250128747946214
"736" 262.953720497899 16822721.3044884 36.5005512363277 0.0012136093361004 0.567238829525815
"737" 239.560700627044 19317016.4811192 53.6158270067535 0.00147389148367436 0.500558397500945
"738" 285.908603970893 3589971.62980959 68.2443190689664 0.00166833121895005 0.402860271317072
"739" 221.787727368064 18154444.1197999 73.6954152961262 0.00172617020302874 0.428958042695265
"740" 271.593795157969 15433821.846405 74.6117342337966 0.00155382502532274 0.493077249495689
"741" 233.450983301736 13475648.2055411 1.15490566124208 0.00078294587082444 0.612818153441638
"742" 266.565927304327 18226777.2647087 17.2574276691303 0.000880014966721524 0.650215722506378
"743" 228.085933299735 3965796.09208275 40.3416848958004 0.0016800646918674 0.365395730398587
"744" 207.901999051683 14831895.4069633 58.1760864909738 0.00171948236399389 0.405737406146022
"745" 226.858860580251 16510926.2029408 51.6944639873691 0.00154210628190427 0.464591750414351
"746" 273.889380786568 6210597.10127302 76.1059008867014 0.00168319732462812 0.418488764520237
"747" 202.781683718786 1185069.0365769 24.8407959088217 0.00189313022921888 0.288180261301319
"748" 261.839229310863 12948422.6583736 11.8678206603508 0.000817816889615114 0.625201910883814
"749" 246.729007642716 5274713.39860931 66.9455958318431 0.00176651242239586 0.376212565338254
"750" 259.158379933797 12172814.9568196 82.6002281489782 0.00168547271644498 0.441566452471623
"751" 242.717041657306 17424101.5114123 41.6682973022107 0.00135315355915985 0.521228424179799
"752" 256.251557939686 12968499.372201 53.4242903981358 0.00146475802186064 0.489751274783606
"753" 249.749712040648 18784018.8058093 82.8943908291403 0.00166025264075426 0.465710202463285
"754" 212.298263120465 5275641.32483676 72.07762021292 0.0019913978117249 0.309836237460786
"755" 265.970213827677 480625.833687373 45.3638091739267 0.0020748072418527 0.27105978656612
"756" 286.075189942494 4594935.018057 92.2834536642767 0.00178292935827946 0.392308894772681
"757" 201.200073980726 5887332.45588373 23.028596975375 0.00154300487163592 0.379657160302022
"758" 225.175481662154 17070715.4731033 9.55224779550917 0.000889412882216138 0.590331272124391
"759" 205.691189295612 13831765.6381056 13.9283723086119 0.00114278048347805 0.504195538631042
"760" 274.820619565435 6479893.74501631 55.1944154403172 0.00150915562898217 0.455636646957779
"761" 286.897768266499 561846.659635194 76.3208125529345 0.00218557154933138 0.257470889749284
"762" 206.008693994954 3484114.49040286 67.0076392469928 0.00206780273665617 0.280454134428224
"763" 287.767197471112 6737219.43986602 56.5179499720689 0.00146680459058787 0.476212112063271
"764" 235.975835239515 6056441.89100713 68.365033027716 0.00180948384165171 0.366183792055335
"765" 295.0103525538 15937109.1375826 40.4441829232965 0.0011744421600842 0.602466221984581
"766" 206.58149626106 6888599.13730994 35.5523683931679 0.00165610437614317 0.373686997330805
"767" 238.981009204872 3310949.12176486 38.7097851210274 0.00162847705749445 0.374901768871925
"768" 284.44431128446 15595031.8295043 30.8190792177338 0.00107668746625659 0.613676416824244
"769" 277.706608362496 6534493.95061471 63.3900223900564 0.00156702909036503 0.446899308061199
"770" 260.904323426075 6554276.42483264 94.9761279840022 0.00184209331518499 0.380337896263762
"771" 224.717361014336 13921254.6086637 82.9293699967675 0.00181869269357661 0.395711100926817
"772" 283.682951051742 12844142.3940007 18.0739110196009 0.00088111656274273 0.640009331817343
"773" 200.544991577044 5159613.33613377 48.7793868137524 0.00189452956689329 0.316374787462447
"774" 216.591083607636 16967779.1292081 91.2976601927076 0.00187036183600586 0.390085157660809
"775" 284.04992679134 10977924.8096514 88.5117289146874 0.00164723717477875 0.461417052870444
"776" 211.653176462278 19080807.8540722 84.6730786643457 0.00183425635705768 0.401396772113513
"777" 205.777558847331 13137056.4310113 31.287142357789 0.00146860682807261 0.442987895895329
"778" 269.449328281917 2544280.89724388 20.2385763553903 0.00123462724954929 0.446892221267274
"779" 234.651216305792 9936367.75324121 91.9272196320817 0.00187970952714824 0.37317932339722
"780" 273.771284311078 4366785.78557912 79.1871816783678 0.00175882582356523 0.387509296969696
"781" 289.662162633613 2967805.128498 21.8462791012134 0.00114405968324234 0.486477818559266
"782" 206.138931401074 320178.473507985 53.2256001494825 0.00243481257995702 0.2186537026944
"783" 230.049485526979 19723503.1663673 19.7247778174933 0.00106549712395008 0.577401597077664
"784" 240.788549394347 9825197.85254262 69.8697800145019 0.00171450104719868 0.410659241046593
"785" 285.430439771153 5090124.17539489 53.3808402696159 0.00148770158497175 0.454541274495941
"786" 277.813531737775 15534957.4374035 15.3372814024333 0.000823930812417857 0.661718235027948
"787" 275.064795324579 8799949.76955932 7.26434982498176 0.000705288086388826 0.631154263145544
"788" 211.976619949564 4368075.63046459 5.60316053312272 0.00113414001195231 0.439257596937877
"789" 211.743443994783 1167213.9209928 63.5419755468611 0.002198616738925 0.248039800812005
"790" 296.257936162874 13424105.8354499 39.5201942278072 0.00117777514032859 0.590300796742236
"791" 239.988760836422 9723554.63393033 86.982844599057 0.00182996756380196 0.386192588595108
"792" 261.420152825303 558746.039960533 67.4241520375945 0.00219855049169306 0.253590399135351
"793" 245.095385774039 1211686.8722951 14.4536780994385 0.00144064751229816 0.369639811567953
"794" 221.215388411656 3943578.77061702 66.861620004056 0.00195456854113756 0.313902427587315
"795" 278.337334422395 7304490.64807035 78.2875810982659 0.00165705452206625 0.434763897865273
"796" 248.077247780748 962189.836823381 75.2032325509936 0.00214331392400278 0.265318972180955
"797" 206.303593679331 18762456.1043456 93.7110819681548 0.00191310871239395 0.379310044666688
"798" 213.260307069868 17597143.0357778 34.6953740955796 0.00141175982272674 0.482770502597814
"799" 224.772790330462 15177877.8800042 90.9449669069145 0.00184976768815721 0.394021137302843
"800" 285.800645826384 2687388.1503474 44.8905561815482 0.00151166968178171 0.415547509651969
"801" 269.201172445901 3537403.31076551 77.3134373070206 0.00180094061618701 0.367993070609476
"802" 260.719052422792 12033445.6425393 14.9932517544366 0.000901483383338341 0.601613814251822
"803" 278.804760589264 6566253.43875494 80.6846520982217 0.00168623714185784 0.423840283373608
"804" 291.268806043081 15525263.9044775 26.1234736938495 0.000988065335612013 0.641342360397823
"805" 265.530278929509 1031691.28515292 7.62220426555723 0.00124586803365089 0.402417439164371
"806" 244.442151463591 18676103.8100347 54.886963263154 0.00147110342551051 0.502997280286941
"807" 242.025312129408 19566730.0830595 10.79265822866 0.000822753062873073 0.636950328892713
"808" 253.282598848455 19247666.4778078 30.1802627122961 0.00114402105906432 0.583696218552512
"809" 233.626243146136 14053404.1109029 74.5566957385745 0.00172104471446779 0.423369747093404
"810" 276.207218295895 19602889.9603523 18.3360698102042 0.000866894313409506 0.672116726446071
"811" 297.790017304942 16266637.1645406 59.3278130860999 0.00135663533396238 0.562085037439517
"812" 282.872748258524 3803857.03137144 78.1924659223296 0.00173957099170291 0.390467685485104
"813" 255.228001158684 8927168.69534925 8.80218814220279 0.000818516586341658 0.585540407846846
"814" 218.74503926374 11046350.7509325 99.9026400540024 0.0019813289570003 0.345607294016742
"815" 281.808038428426 4649404.56838813 13.4489741008729 0.000918513469495022 0.55027993750163
"816" 203.249849076383 14240553.9809028 64.2144368188456 0.00179972640893933 0.383257858006202
"817" 235.781877394766 17134720.3188809 14.5795786373783 0.000952585622494083 0.592343508990318
"818" 229.313905001618 3050464.48288485 34.0123526586685 0.00164443834695173 0.362058105544972
"819" 294.924444984645 832635.791576467 57.7512142795604 0.00191107166123826 0.307101366028669
"820" 276.103752152994 7440540.13057612 63.1896448642947 0.00155259223161645 0.455518878980174
"821" 208.229963108897 8368714.47747108 48.8291940584313 0.00175131432887778 0.368097507018618
"822" 280.424439162016 12153863.0857365 52.3544002925046 0.00137275183723278 0.52528702659654
"823" 278.648813674226 16467743.7173901 38.6801004076842 0.00119200915411843 0.585402305941585
"824" 229.135673050769 15852767.629642 7.02738275006413 0.00081734929221038 0.601038011167206
"825" 248.401494137943 9832023.8269167 64.7130126596894 0.00163990144640519 0.431515711709812
"826" 249.277895293199 2288537.65132371 25.7009204511996 0.00146103875430918 0.392646902931654
"827" 213.719692616723 10920093.7646441 85.7924835993908 0.00193457350269062 0.350843734456526
"828" 202.930164267309 9247651.11885499 30.5057366224937 0.00155097036260383 0.403271513472424
"829" 218.699393374845 17559827.3836309 21.1036286458839 0.00116994130956825 0.534716961491883
"830" 290.065489266999 16597099.706321 32.2307482312899 0.00107640419625464 0.624535545956171
"831" 257.604184839875 18556714.4702887 29.6941887880675 0.00112524090651406 0.589095198819799
"832" 275.086048059165 16236449.1953049 19.6569091933779 0.000912721913294994 0.643171969410308
"833" 252.410154393874 2112822.50569202 67.492012294475 0.00190484786744371 0.322343686437199
"834" 298.303647618741 13798302.2104949 61.4375592346769 0.0013903705021419 0.543900629291819
"835" 237.808042089455 1339975.78683775 36.6393118684646 0.00179961553561934 0.318646953903654
"836" 260.46887836419 14701382.8277122 56.7596377809532 0.00145976429101215 0.502366879665614
"837" 244.631024752744 10506354.0417468 6.54001566162333 0.000786624569191337 0.59065392712824
"838" 229.394268407486 6111781.42777644 27.4921814973932 0.00141888811385948 0.42979815417667
"839" 223.046106379479 4767635.14941558 56.5141387542244 0.00183346403607683 0.342585696301643
"840" 245.978754828684 3066311.55039649 31.3366585471667 0.00150615517351659 0.396233539969116
"841" 217.954565933906 8435272.73277286 91.9230317964684 0.00199160306190391 0.331227420735059
"842" 247.477390780114 11629114.9197845 77.9843576478306 0.00171174996821119 0.425143381675255
"843" 241.76351656206 18312476.3707165 11.7015300046187 0.000852368203996908 0.624591254496554
"844" 265.017260028981 10042826.2617905 16.8681164593436 0.000949249460338239 0.583273507366725
"845" 251.444715750404 1594902.47324575 94.0387524734251 0.00212018758563708 0.278743005465719
"846" 281.606464576907 4844507.54900463 6.95729418098927 0.000755326772071936 0.583081846879929
"847" 223.409552173689 8605590.0167441 69.8800421629567 0.0018271324954566 0.368470708896377
"848" 203.332167072222 9598891.81426261 65.6677392106503 0.00189011523131683 0.34469946536204
"849" 263.679142761976 17445005.9557101 52.8538565600757 0.00138650088460141 0.532253438756274
"850" 270.758920977823 4375227.00822446 45.8681080651004 0.00149637360898571 0.433828901219239
"851" 244.344061473384 5309211.10126656 18.5111601692624 0.00119127309796781 0.474424660511486
"852" 212.620258517563 11149944.976694 14.2020126972347 0.00115097606247501 0.494482654168983
"853" 231.882753246464 7708089.15644884 51.8423550475854 0.00165644116281225 0.402219783004441
"854" 277.789831976406 16095284.2942905 83.646987875225 0.0015890697920568 0.491673667174749
"855" 258.626170456409 1421109.87685155 37.705069712596 0.00169291574783916 0.34463780013205
"856" 209.144622110762 3996538.64309657 30.8084280274343 0.00168420063945893 0.349167099372593
"857" 289.384923060425 6663323.67204595 54.7674498066772 0.0014465011887452 0.480914336529172
"858" 248.4727706993 4444458.52802601 70.24242908624 0.00180993691697735 0.362509486932157
"859" 297.718247422017 13185247.8935849 89.8367430178914 0.00159534354110666 0.491894564370286
"860" 253.174100047909 7620542.83451289 93.3939339867793 0.00184405565712671 0.381354137166327
"861" 288.111554412171 9351520.94897348 79.4095272524282 0.00159760401575184 0.46683989482513
"862" 275.173695245758 16166463.8929768 75.322213109117 0.00154124535465352 0.501285263179922
"863" 220.287985936739 11501950.6997196 87.3451289949007 0.0019001595190798 0.365449393983537
"864" 275.241444492713 16247180.7562746 41.8260203013197 0.00124155930177967 0.569873614871028
"865" 240.317394584417 6236358.06287639 86.3656206766609 0.00189632647723526 0.353980024441746
"866" 214.591235620901 15336986.7175352 17.9826003769413 0.00115787817743944 0.520794218603737
"867" 271.600128198043 13002334.0963293 47.0733393467963 0.00134070735847619 0.529077706799588
"868" 251.807751460001 141730.464855209 94.3684028554708 0.00268595142627726 0.181714905518503
"869" 263.488734443672 2395132.97746889 34.2177692882251 0.00150367609831508 0.397107021788088
"870" 206.541588716209 6088692.44260713 31.0121993082576 0.00162189109851373 0.373729548360049
"871" 258.688783203252 7928430.95019925 89.6740905879997 0.00179332140145669 0.397211455428928
"872" 275.108828675002 10242828.8218798 1.90094203455374 0.000634439181387948 0.669059718290888
"873" 208.462499151938 15881196.9444156 53.412836598698 0.00166138777111295 0.422097111370679
"874" 208.220135630108 18648485.1611778 44.0382213043049 0.00153725637051578 0.457644154390777
"875" 269.151933654211 6465024.29619431 71.5342728658579 0.00166444103786331 0.420868959441844
"876" 292.519252398051 3597595.02804372 66.5383972488344 0.00163069012890258 0.413880210277246
"877" 294.357200968079 19157446.525339 79.0555551627185 0.0014965404125533 0.535161631526506
"878" 291.690752469003 10662551.2577593 66.3526235444006 0.00147687628489809 0.503496706683778
"879" 286.220691818744 14418830.2737195 99.5571942226961 0.00167066445594354 0.471567490662461
"880" 272.448381199501 1967299.95335918 92.263163580792 0.00198643335914454 0.315094845541982
"881" 274.454683391377 1979265.1105905 38.6918530995026 0.00155301970114523 0.386794446269811
"882" 266.114283911884 3134468.1979157 99.4684227015823 0.00196139265583535 0.332077993014198
"883" 247.601722693071 3502046.49609514 22.8876276006922 0.00133482553344955 0.431185758322966
"884" 201.621557003818 15992441.8957904 60.8695836348925 0.00175876242161662 0.39715159463417
"885" 268.626422178932 3735850.51763803 14.3596200533211 0.00103618642187159 0.502014325180373
"886" 293.633404793218 17685233.5469332 37.4471625145525 0.00113128035985364 0.619616738075297
"887" 212.990861316212 16473826.5056629 96.7610720444936 0.00192190991450089 0.374622381433162
"888" 297.943057725206 13422700.0090526 19.6586735043675 0.000874190634487022 0.663187318856748
"889" 255.501822684892 15935575.9826489 6.84563737362623 0.000701020622558597 0.657915558949233
"890" 200.382420117967 1471034.74223986 19.5697636127006 0.00178181327665864 0.304393672080078
"891" 239.003499341197 6085022.15039916 56.8938471444417 0.00170340292280973 0.388198187806266
"892" 250.905670854263 11429583.6249366 87.3372625263873 0.00175763078299874 0.416999306544709
"893" 299.957121070474 4460305.6974709 36.7905147401616 0.0012704830376448 0.498895012373026
"894" 243.341568252072 15000808.4676694 42.5182628459297 0.00138447872837651 0.50446271108884
"895" 225.488876923919 5009615.33933878 98.6524235443212 0.00207194835643554 0.302533413682284
"896" 218.858437240124 4785648.34494609 95.4737951846328 0.00209946219681048 0.291589195170539
"897" 250.1948335208 11815471.3505879 13.2176653973293 0.000909029518422171 0.58562652582923
"898" 292.205335944891 10077946.4245075 5.20662325946614 0.000606484302540683 0.688267443748942
"899" 238.578445301391 14201949.4800363 74.5491697911639 0.00169636051765115 0.432912475089991
"900" 223.611165420152 15098020.9997855 13.5869512555655 0.00101354992538477 0.55547250283172
"901" 289.448309177533 18344006.268098 34.5541748639662 0.00109981043905694 0.626182980183531
"902" 254.022569162771 2614226.89040191 49.3679167449009 0.00170655425260955 0.362924961871762
"903" 224.727692175657 9524166.10124055 73.4088830731343 0.00182581695682128 0.374567822743041
"904" 297.820591484196 17241579.7494585 34.0328447083011 0.00108096100879984 0.634249060725525
"905" 261.102563980967 17322119.582491 49.5735656516626 0.00136469189184684 0.534426137502633
"906" 265.456018038094 12595968.6653223 46.5793040562421 0.00136272503529975 0.516871751636567
"907" 215.110845421441 11080479.7656368 52.6884655780159 0.00169091410231328 0.400266979146391
"908" 205.979389650747 17412362.6599088 69.8702459288761 0.00178493823443555 0.401228619972931
"909" 253.089383221231 6800933.20596498 97.9204992617015 0.0018860639704148 0.367927024545033
"910" 287.915381649509 3491367.5326854 52.4635960264131 0.00153188646765117 0.42749370593483
"911" 207.942522969097 8363628.93467303 16.6381954951212 0.00129727531034685 0.44539475224618
"912" 242.748794681393 1604270.69081925 89.8587620302569 0.00213506263988318 0.273207048013746
"913" 262.609167140909 6823881.37960806 57.3589454251342 0.00157258798797829 0.43665199263643
"914" 202.028856682591 18769566.2130369 62.7816452626139 0.0017380276535491 0.412479278462842
"915" 256.893053231761 17105864.3300319 42.9399910054635 0.00131157471211192 0.541451612097601
"916" 223.061303608119 11357692.9676579 70.0931259456556 0.00178035339304889 0.391122037377066
"917" 281.976934452541 2817179.01898082 66.0584232232068 0.00171109994998188 0.381518361947121
"918" 283.786165947095 377177.071315236 54.7601704276167 0.00219105895435967 0.254281164638742
"919" 271.675877994858 6711763.00386433 48.5913217777852 0.00145236420598077 0.466072648199239
"920" 283.023103117011 16130754.1900082 1.65050905919634 0.000623726647412839 0.730012838305486
"921" 279.388620192185 1666850.97301379 35.9327906721737 0.00153885533018039 0.383334518908671
"922" 236.164910066873 11603786.6277853 9.46698901476339 0.000889862984747439 0.570152784391078
"923" 240.145692997612 6878349.89670664 23.1802533834707 0.00125839378455662 0.474316558705568
"924" 288.857918046415 2004875.8642748 18.0632929755375 0.00116155678415828 0.457522349298659
"925" 227.007670840248 10607690.4458925 57.3463954487815 0.00167430531984046 0.411440400633104
"926" 212.414593226276 16572511.4821922 71.3675243172329 0.00177290332143913 0.405893246478804
"927" 295.44861628674 15160644.8862469 14.4796082063112 0.000768904936832242 0.695169607078727
"928" 209.182297438383 8224952.89626531 76.2345944906119 0.00195563150894901 0.330361287700305
"929" 209.399676322937 9872399.78876896 48.7571126583498 0.00171019109922756 0.385049025650607
"930" 287.131574004889 15480442.4109403 25.9470512617845 0.000995333240862385 0.634768706470135
"931" 213.147710543126 10071032.0879007 76.3394485746976 0.00189654289286524 0.354085162747318
"932" 213.086326606572 6194717.45681949 73.9244156570639 0.00197024732720653 0.319776348311634
"933" 290.066803083755 8415455.34178149 11.4434655117802 0.000764566200563328 0.635858864704387
"934" 215.753641817719 19954638.0656073 25.009961620206 0.00123023042933257 0.531109849686422
"935" 220.505335181952 2979107.53886681 82.986035308335 0.00210294036603873 0.280319507648221
"936" 243.430653563701 16110941.2284801 14.4287221876439 0.000922949828105971 0.601541371632324
"937" 297.822089795955 17674602.6404202 31.3952800629195 0.00104288975587422 0.645826948927873
"938" 230.924347299151 16321249.6994296 1.08117782906629 0.000785960311989455 0.628150826503652
"939" 277.37702766899 15617412.6843456 14.7576862950809 0.000812125293152531 0.663961142284826
"940" 228.736341185868 19114651.0386607 2.28027127147652 0.000734932521406251 0.639890756003581
"941" 266.926806024276 16675727.3317082 50.8181859564502 0.00136150249351061 0.537403311788831
"942" 264.828668697737 8853447.14072999 51.1338475665543 0.0014647073645368 0.473853917138845
"943" 217.554324911907 2834833.89595058 1.23258794541471 0.00114220944554428 0.433345814245531
"944" 221.883531520143 5861818.88165884 50.7573268162087 0.00175353935264651 0.363707529884319
"945" 299.08879911527 6729452.60300767 85.8267793967389 0.00164731104950458 0.446248098797965
"946" 247.311829170212 15198982.6972829 99.3292938880622 0.00179657504036909 0.421129669747119
"947" 295.342896459624 2017742.41728708 75.2253004298545 0.00179732760182406 0.358081466459492
"948" 293.947327439673 4654778.15140039 31.2377544890624 0.00120633319789045 0.509021570363011
"949" 293.469758494757 2202560.2536276 42.9546588372905 0.00150266981231806 0.410625324687043
"950" 212.88273439277 12580767.020653 42.7350318077952 0.00157822622257633 0.426819425423459
"951" 240.867774630897 10141417.7701576 78.6930170068517 0.00176852709617095 0.40144631977844
"952" 294.713901239447 18304742.5231664 91.8208451084793 0.00157978521605887 0.511806606841303
"953" 265.907488227822 16307351.8784018 53.3763718204573 0.00139286775489241 0.528058785250814
"954" 275.367094622925 14012568.4208004 56.2703622714616 0.00140867408529107 0.522606434811339
"955" 208.784132031724 12049314.2179679 12.9426376612391 0.0011295934831891 0.499173179901402
"956" 252.799452189356 2918223.29168208 29.3707325109281 0.00144908025623197 0.407984918747075
"957" 205.856855516322 5863345.01709789 34.7447665282525 0.00168339828524689 0.361207773476645
"958" 294.443987961859 6122545.59812136 33.9667827384546 0.00120434936809694 0.528288451224084
"959" 213.893101573922 16767391.6969448 27.3021764615551 0.00131163966857095 0.498949566901081
"960" 215.962752490304 16677792.8469703 44.4320304905996 0.00152303983002648 0.459414091027275
"961" 245.815543923527 8101487.79698648 79.5641068911646 0.00178686229184006 0.390571652026037
"962" 248.566627711989 5572889.70751688 97.2532779762987 0.00193374159669462 0.347761729264043
"963" 210.367116658017 12510487.7937818 27.4695056455676 0.00139459365755039 0.457920734114115
"964" 259.760229103267 7056531.36842884 67.9304580278695 0.00166513288398008 0.41822955565488
"965" 252.426786278374 10128096.0990582 19.8756271216553 0.00106573958049965 0.547650541754055
"966" 266.33655554615 1405775.0146836 87.0882796181832 0.0020537540526617 0.291932902561008
"967" 206.420561601408 2896244.47086826 66.8163715885021 0.00209472238966847 0.272409334438412
"968" 238.21677074302 10730766.7578338 43.7940107625909 0.00148119427519283 0.458766849514268
"969" 279.622057569213 352253.588708118 82.5196715698112 0.00237941964307482 0.224688038794375
"970" 225.421812850982 2546878.99986748 49.9139166206587 0.00187439032285804 0.317456164775703
"971" 287.595189060085 194424.578803591 52.8661297031213 0.00240616474174816 0.225281322198448
"972" 297.771441657096 10282190.1864372 99.248882064363 0.00167650688314163 0.459912922544422
"973" 240.584381297231 16892561.393627 71.8349121315405 0.00164012157968519 0.456936476604087
"974" 259.234640980139 6724944.9337367 6.57323229312897 0.000785249804823604 0.575017407143201
"975" 247.103159432299 14920720.7966596 76.0226278835908 0.00166106318422784 0.44967446147972
"976" 251.292628678493 1356140.79807419 44.0511396694928 0.00180909767500831 0.323297132659818
"977" 233.201381121762 17091342.2373123 20.2383259837516 0.00108280650720077 0.564776706509472
"978" 205.612579104491 7087641.2961632 74.6273164453451 0.00199382995479732 0.314361344977597
"979" 224.151057889685 18928038.5746853 95.9407371382695 0.00184190141921435 0.408248929499764
"980" 233.182764123194 9610253.49881966 56.4917812491767 0.00165196300219533 0.415588743037717
"981" 219.131829799153 4671274.18161836 12.7441193673294 0.00125281187852408 0.432250890134758
"982" 200.27615299914 3740814.47259523 52.4708606763743 0.00198719049380461 0.291338485432948
"983" 280.522038438357 9532370.6580326 90.5242677559145 0.00168886813330421 0.442640015323784
"984" 266.01404605899 4619061.76253688 96.1000487594865 0.00188042858035807 0.361674640757513
"985" 261.217371770181 12313255.0984854 45.231958149001 0.00136841271669092 0.510453011599155
"986" 222.906142915599 19756184.1218732 56.0042655097786 0.00156889382233132 0.468669247151831
"987" 293.937510089017 16983012.2990534 62.1390357720666 0.00138467471519488 0.555147820250404
"988" 230.387303396128 17304527.1767071 58.5349590373226 0.00157908487966464 0.463437512730649
"989" 290.353284752928 6433299.53949433 88.5067673518788 0.00169693398772679 0.428030073649768
"990" 297.155226347968 2615538.19223773 25.2524611661211 0.00120236406266268 0.473463108194457
"991" 298.651221930049 16867065.0229556 70.5777949811891 0.00144079204164731 0.544280259700688
"992" 268.62128530629 14927700.6114833 3.90724670956843 0.000615685394820708 0.68925423934172
"993" 242.514919303358 6606452.639075 16.5694322222844 0.00112032436744701 0.497785754398915
"994" 259.270842070691 4688091.6490918 46.6807458528783 0.00154686876270335 0.419691843675785
"995" 209.926845016889 6137714.06351589 25.3353718887083 0.00151186692462803 0.395598775300907
"996" 279.247210524045 5173951.23546012 99.0884621418081 0.00182687167441547 0.384617360969415
"997" 238.544611399993 15381794.5149494 5.63582750875503 0.000744208440893836 0.623778419749295
"998" 282.708889315836 848697.984591126 51.7375258808024 0.00189022225473175 0.308113011051541
"999" 299.382196180522 8732989.92502969 3.24093577009626 0.000583105953534419 0.694820415008652
"1000" 228.874472458847 1630715.31876922 45.5005902519915 0.00189915011538725 0.30456147711181
